0.654627539503386
0.483069977426637
0.155756207674944
0.386004514672686
0.0293453724604966
0.0733634311512415
0.0880361173814898
0.195259593679458
0.0812641083521445
0.147855530474041
0.346501128668172
0.230248306997743
0.0191873589164786
0.0586907449209932
0.567720090293454
0.0519187358916479
0.181715575620767
0.141083521444695
0.667042889390519
0.0846501128668172
0.515801354401806
0.301354401805869
0.0936794582392776
0.247178329571106
0.0349887133182844
0.0406320541760722
0.04627539503386
0.117381489841986
0.0609480812641084
0.0914221218961625
0.202031602708804
0.127539503386005
0.0101580135440181
0.0440180586907449
0.395033860045147
0.0372460496613995
0.130925507900677
0.090293453724605
0.426636568848758
0.0564334085778781
0.116252821670429
0.127539503386005
0.0372460496613995
0.108352144469526
0.00564334085778781
0.0158013544018059
0.0270880361173815
0.0632054176072235
0.0248306997742664
0.0316027088036117
0.0733634311512415
0.0485327313769752
0.0101580135440181
0.0124153498871332
0.090293453724605
0.0101580135440181
0.04627539503386
0.036117381489842
0.123024830699774
0.0169300225733634
0.317155756207675
0.37020316027088
0.0812641083521445
0.35665914221219
0.0112866817155756
0.0575620767494357
0.0203160270880361
0.0665914221218962
0.0496613995485327
0.0564334085778781
0.18510158013544
0.215575620767494
0.018058690744921
0.0406320541760722
0.291196388261851
0.0191873589164786
0.090293453724605
0.0767494356659142
0.340857787810384
0.0440180586907449
0.0677200902934537
0.0293453724604966
0.00677200902934537
0.04627539503386
0.00451467268623025
0.00677200902934537
0.00677200902934537
0.0225733634311512
0.0101580135440181
0.0101580135440181
0.0248306997742664
0.0203160270880361
0.00225733634311512
0.00564334085778781
0.0496613995485327
0.00790067720090293
0.0101580135440181
0.00564334085778781
0.0496613995485327
0.00338600451467269
0.0609480812641084
0.0620767494356659
0.0203160270880361
0.0530474040632054
0.00677200902934537
0.0090293453724605
0.00790067720090293
0.0203160270880361
0.0101580135440181
0.0112866817155756
0.0349887133182844
0.0259593679458239
0.00112866817155756
0.00564334085778781
0.0496613995485327
0.00564334085778781
0.0203160270880361
0.0112866817155756
0.0507900677200903
0.00677200902934537
0.0654627539503386
0.0598194130925508
0.0304740406320542
0.0214446952595937
0.00790067720090293
0.00338600451467269
0.0225733634311512
0.0428893905191874
0.0146726862302483
0.0214446952595937
0.0395033860045147
0.0259593679458239
0.00451467268623025
0.0158013544018059
0.0327313769751693
0.00677200902934537
0.0248306997742664
0.0112866817155756
0.0553047404063205
0.0146726862302483
0.183972911963883
0.0880361173814898
0.054176072234763
0.0699774266365688
0.0169300225733634
0.0158013544018059
0.0428893905191874
0.0981941309255079
0.0225733634311512
0.0507900677200903
0.0846501128668172
0.0632054176072235
0.0090293453724605
0.0349887133182844
0.0869074492099323
0.0214446952595937
0.0575620767494357
0.0485327313769752
0.111738148984199
0.0349887133182844
0.0880361173814898
0.0496613995485327
0.0214446952595937
0.0372460496613995
0.00677200902934537
0.0135440180586907
0.0112866817155756
0.0383747178329571
0.0090293453724605
0.0248306997742664
0.0349887133182844
0.0270880361173815
0.00677200902934537
0.0112866817155756
0.0372460496613995
0.0112866817155756
0.0225733634311512
0.0135440180586907
0.054176072234763
0.00677200902934537
0.173814898419865
0.0891647855530474
0.0349887133182844
0.082392776523702
0.0135440180586907
0.0090293453724605
0.0259593679458239
0.064334085778781
0.0191873589164786
0.0406320541760722
0.0665914221218962
0.0372460496613995
0.00564334085778781
0.0135440180586907
0.0835214446952596
0.0158013544018059
0.036117381489842
0.0327313769751693
0.116252821670429
0.0214446952595937
0.339729119638826
0.204288939051919
0.0778781038374718
0.160270880361174
0.0203160270880361
0.0316027088036117
0.0349887133182844
0.110609480812641
0.0406320541760722
0.0880361173814898
0.139954853273138
0.102708803611738
0.0090293453724605
0.0282167042889391
0.194130925507901
0.0293453724604966
0.0586907449209932
0.0609480812641084
0.209932279909707
0.0485327313769752
0.202031602708804
0.209932279909707
0.0530474040632054
0.188487584650113
0.0124153498871332
0.0237020316027088
0.0191873589164786
0.0519187358916479
0.0270880361173815
0.0372460496613995
0.124153498871332
0.115124153498871
0.0090293453724605
0.0146726862302483
0.200902934537246
0.00564334085778781
0.054176072234763
0.0451467268623025
0.199774266365688
0.0293453724604966
0.0191873589164786
0.0214446952595937
0.00677200902934537
0.0135440180586907
0.00112866817155756
0.00338600451467269
0.00338600451467269
0.0101580135440181
0.00112866817155756
0.00677200902934537
0.00790067720090293
0.0101580135440181
0.00112866817155756
0
0.0214446952595937
0.00225733634311512
0.00338600451467269
0.00112866817155756
0.0191873589164786
0.00564334085778781
0.100451467268623
0.0395033860045147
0.0214446952595937
0.0282167042889391
0.00677200902934537
0.00677200902934537
0.0169300225733634
0.0135440180586907
0.0090293453724605
0.0214446952595937
0.0304740406320542
0.018058690744921
0.00112866817155756
0.0124153498871332
0.0507900677200903
0.00225733634311512
0.0203160270880361
0.0112866817155756
0.0507900677200903
0.0158013544018059
0.533860045146727
0.362302483069977
0.113995485327314
0.410835214446953
0.0316027088036117
0.064334085778781
0.0327313769751693
0.0790067720090293
0.0304740406320542
0.0790067720090293
0.23589164785553
0.250564334085779
0.0304740406320542
0.0451467268623025
0.410835214446953
0.0293453724604966
0.0959367945823928
0.0767494356659142
0.469525959367946
0.0564334085778781
0.0440180586907449
0.0372460496613995
0.0135440180586907
0.0248306997742664
0.00338600451467269
0.00790067720090293
0.0135440180586907
0.0214446952595937
0.0101580135440181
0.0203160270880361
0.0214446952595937
0.0225733634311512
0.00112866817155756
0.00677200902934537
0.0349887133182844
0.0090293453724605
0.00677200902934537
0.0101580135440181
0.0304740406320542
0.00564334085778781
0.172686230248307
0.12979683972912
0.0440180586907449
0.0654627539503386
0.0214446952595937
0.018058690744921
0.0293453724604966
0.036117381489842
0.0203160270880361
0.0338600451467269
0.0575620767494357
0.0417607223476298
0.00112866817155756
0.0146726862302483
0.133182844243792
0.0135440180586907
0.0440180586907449
0.0237020316027088
0.126410835214447
0.036117381489842
0.106094808126411
0.0790067720090293
0.0349887133182844
0.0891647855530474
0.00564334085778781
0.0191873589164786
0.0225733634311512
0.0270880361173815
0.0259593679458239
0.0304740406320542
0.0530474040632054
0.0507900677200903
0.00451467268623025
0.0237020316027088
0.0654627539503386
0.00790067720090293
0.036117381489842
0.0158013544018059
0.0981941309255079
0.0135440180586907
0.806997742663657
0.291196388261851
0.100451467268623
0.284424379232506
0.0395033860045147
0.0474040632054176
0.0383747178329571
0.082392776523702
0.0496613995485327
0.153498871331828
0.187358916478555
0.170428893905192
0.0146726862302483
0.072234762979684
0.600451467268623
0.0507900677200903
0.0970654627539503
0.0857787810383747
1
0.0654627539503386
0.101580135440181
0.0496613995485327
0.0270880361173815
0.0406320541760722
0.00790067720090293
0.00790067720090293
0.0112866817155756
0.0349887133182844
0.0090293453724605
0.0248306997742664
0.0417607223476298
0.0203160270880361
0.00112866817155756
0.018058690744921
0.0474040632054176
0.0090293453724605
0.0338600451467269
0.0158013544018059
0.0632054176072235
0.0090293453724605
