530
404
104
295
31
54
61
155
63
118
286
171
14
42
476
37
128
118
543
68
409
223
75
225
26
33
27
87
48
61
165
112
9
29
321
26
82
65
343
41
96
106
32
78
5
10
19
45
12
24
54
35
7
9
75
8
29
29
111
14
262
270
66
285
10
45
25
58
41
45
155
165
15
35
226
19
58
67
287
31
58
31
5
45
6
3
8
16
6
7
15
19
2
3
37
4
8
5
42
3
47
50
17
48
4
7
4
12
10
9
28
19
3
5
40
5
12
10
48
3
42
39
19
11
6
5
19
27
13
18
31
17
3
13
29
5
13
10
41
13
148
66
47
60
15
20
28
80
18
39
63
55
10
20
57
18
38
37
86
27
75
29
13
31
6
11
8
32
2
17
29
17
5
7
31
5
15
13
38
7
122
68
33
62
11
10
15
54
12
37
57
32
7
16
73
15
20
28
84
19
263
159
59
135
16
21
27
93
29
69
107
81
3
22
163
23
39
47
180
34
189
158
40
138
5
19
17
39
21
25
91
103
6
8
164
5
45
39
175
17
19
12
2
11
1
2
1
7
1
6
8
7
1
1
19
0
3
5
15
5
63
25
17
19
7
7
13
12
6
18
27
10
2
7
40
3
19
8
37
6
418
318
94
344
26
57
24
64
25
66
178
189
19
33
370
28
78
69
384
45
35
27
14
18
4
4
8
15
6
19
21
12
1
4
28
7
5
3
22
6
113
78
27
54
11
20
15
25
12
23
44
37
3
13
90
7
29
19
105
23
99
74
28
62
10
12
15
27
20
21
34
45
3
9
55
9
25
14
79
12
667
245
85
214
28
40
30
61
38
135
145
164
12
61
503
31
80
62
776
54
63
40
26
34
4
4
10
23
8
18
34
17
1
10
37
5
28
9
56
9
