569
426
146
322
32
59
81
189
73
132
315
176
13
55
515
39
142
125
605
76
469
264
78
224
28
38
39
102
56
80
199
111
8
34
368
28
107
85
387
49
90
124
33
71
7
19
28
54
18
22
69
56
7
15
92
11
50
26
116
18
252
304
70
292
8
40
22
74
36
57
145
184
12
37
225
15
76
74
294
32
60
33
10
29
4
3
11
20
9
13
19
21
2
7
43
4
14
4
49
7
58
60
16
39
4
10
4
26
9
10
31
29
3
6
44
4
12
10
45
6
68
55
27
18
9
3
20
32
16
16
24
23
3
15
34
6
22
19
51
21
177
68
50
61
17
20
33
105
24
52
76
55
7
27
65
19
59
41
105
38
82
46
17
32
6
14
18
25
10
26
31
23
6
12
33
3
22
11
47
15
153
78
38
57
11
11
24
62
18
41
50
44
3
18
93
12
22
36
101
23
280
192
78
132
20
29
39
104
32
76
129
91
9
24
174
25
50
63
186
44
181
172
43
162
13
27
18
47
19
43
106
103
11
9
170
10
61
52
191
20
14
17
6
10
1
2
4
3
1
4
8
9
2
2
15
0
5
3
16
4
84
33
16
25
12
4
13
15
8
21
29
19
1
9
44
6
16
9
50
12
454
342
104
339
23
57
22
75
41
80
216
212
16
41
370
27
107
72
426
49
33
29
15
17
3
7
5
16
8
20
21
19
1
6
35
7
5
7
21
5
158
118
35
58
19
18
28
30
18
34
57
38
3
20
106
12
45
23
111
29
97
86
29
82
12
17
22
27
19
22
52
47
3
17
72
5
32
15
87
16
754
264
94
252
33
42
38
62
51
127
156
178
16
58
545
40
96
77
848
64
78
54
26
30
9
9
13
32
13
20
45
23
1
14
37
7
25
10
80
8
