600
458
127
351
32
57
69
164
75
128
326
206
11
69
544
37
141
134
639
70
485
280
81
249
23
34
31
92
63
90
199
137
7
31
359
24
103
75
422
48
96
96
34
67
5
13
23
47
13
22
59
47
4
11
96
14
46
27
121
15
272
323
60
363
9
58
18
71
37
63
162
210
10
38
263
19
72
75
324
39
65
42
5
30
4
5
8
11
4
8
22
18
1
3
36
2
13
5
40
6
44
58
18
51
2
10
8
23
6
11
29
27
3
6
53
4
14
10
56
3
49
44
18
16
7
3
18
36
11
14
35
19
4
12
31
7
17
9
39
20
166
72
41
61
21
29
28
76
21
38
80
57
3
28
60
23
52
34
88
33
83
37
22
32
5
9
12
31
9
25
34
18
3
7
36
8
20
12
47
8
144
81
25
69
9
8
14
70
17
45
61
43
6
18
98
16
30
31
92
20
282
181
67
150
23
33
33
102
32
71
110
108
8
24
173
25
54
61
195
38
228
184
41
167
6
28
18
55
24
33
104
116
10
10
193
8
53
56
222
26
14
15
2
9
2
1
3
4
1
3
9
8
0
1
22
1
2
4
15
3
79
37
16
21
8
6
8
15
10
19
26
14
1
10
51
3
16
11
52
9
516
374
110
372
16
53
32
68
31
69
199
229
19
39
390
31
109
80
444
46
37
39
16
16
1
5
10
14
9
19
27
18
2
4
26
6
6
8
25
4
139
102
30
71
13
13
23
24
17
40
53
57
2
18
101
11
28
18
126
22
121
81
31
85
12
18
15
19
23
29
39
47
4
17
64
5
24
14
70
14
765
293
94
277
33
47
28
64
43
156
162
185
20
59
591
44
88
59
931
63
76
51
22
36
6
7
10
26
12
15
36
20
2
7
48
4
25
11
71
7
