526
371
121
298
24
61
70
146
67
107
268
180
13
44
474
37
139
112
572
79
420
256
69
182
32
32
30
85
46
76
172
99
9
26
322
25
95
66
340
51
78
99
29
70
8
18
20
51
16
20
54
48
6
13
76
9
43
27
107
16
233
259
76
255
5
49
15
69
41
51
155
148
9
26
217
19
62
62
282
34
52
32
5
33
6
4
6
12
8
9
19
20
2
5
31
5
9
3
45
7
58
55
14
29
4
6
5
15
9
13
30
26
4
5
38
5
11
10
43
7
62
47
16
19
4
4
14
30
16
14
30
20
2
12
26
3
23
10
39
11
149
74
34
59
16
23
31
85
23
38
65
49
7
29
71
19
45
41
84
29
73
36
13
30
7
12
14
32
10
22
31
18
5
11
32
8
20
13
49
11
134
77
28
56
12
4
22
63
22
36
41
30
6
16
77
11
18
24
103
20
273
165
52
130
15
25
33
93
29
72
113
82
6
23
170
25
39
47
167
38
165
162
45
144
9
21
13
42
18
31
100
106
9
9
152
8
50
37
185
22
20
13
3
10
1
3
2
6
1
3
8
10
1
1
14
1
4
3
14
4
68
27
15
20
6
4
12
16
9
19
27
14
1
8
39
2
13
11
46
12
411
276
104
319
16
57
31
70
32
72
183
204
19
38
357
17
87
72
394
49
36
23
13
19
4
5
11
19
9
14
23
12
1
5
28
2
4
11
18
6
131
96
30
52
13
14
23
25
15
32
51
30
2
16
101
15
40
16
102
24
81
78
32
75
9
13
15
26
19
23
45
46
4
14
51
6
19
13
68
9
681
249
95
237
25
28
28
60
44
128
149
170
16
52
507
39
83
60
834
54
79
49
18
36
6
6
7
26
13
22
35
18
1
17
33
7
29
10
70
9
