0.602768903088392
0.457933972310969
0.150159744408946
0.369542066027689
0.0287539936102236
0.0702875399361022
0.060702875399361
0.171458998935037
0.073482428115016
0.142705005324814
0.301384451544196
0.228966986155485
0.0159744408945687
0.0585729499467519
0.580404685835996
0.0425985090521832
0.137380191693291
0.128860489882854
0.662406815761448
0.0681576144834931
0.48136315228967
0.286474973375932
0.0841320553780618
0.244941427050053
0.0223642172523962
0.0319488817891374
0.0266240681576145
0.10010649627263
0.0564430244941427
0.0820021299254526
0.197018104366347
0.119275825346113
0.00425985090521832
0.0287539936102236
0.40468583599574
0.0287539936102236
0.111821086261981
0.0820021299254526
0.466453674121406
0.0436634717784878
0.10010649627263
0.119275825346113
0.0340788072417465
0.0905218317358892
0.00425985090521832
0.0170394036208733
0.0149094781682641
0.040468583599574
0.0159744408945687
0.0266240681576145
0.0681576144834931
0.0479233226837061
0.00745473908413206
0.00745473908413206
0.104366347177849
0.0106496272630458
0.0447284345047923
0.0319488817891374
0.121405750798722
0.0159744408945687
0.29073482428115
0.350372736954207
0.0851970181043663
0.387646432374867
0.0106496272630458
0.0585729499467519
0.0212992545260916
0.0649627263045793
0.033013844515442
0.0638977635782748
0.161874334398296
0.193823216187433
0.0138445154419595
0.0436634717784878
0.274760383386581
0.0181043663471778
0.0820021299254526
0.0798722044728434
0.340788072417465
0.0383386581469649
0.0511182108626198
0.033013844515442
0.00745473908413206
0.0308839190628328
0.0053248136315229
0.00425985090521832
0.00851970181043664
0.0138445154419595
0.0053248136315229
0.0106496272630458
0.0181043663471778
0.0223642172523962
0.00106496272630458
0.00638977635782748
0.0447284345047923
0.00745473908413206
0.012779552715655
0.00425985090521832
0.040468583599574
0.0053248136315229
0.0670926517571885
0.0670926517571885
0.0159744408945687
0.0564430244941427
0.00319488817891374
0.0106496272630458
0.00745473908413206
0.0170394036208733
0.00851970181043664
0.0053248136315229
0.0234291799787007
0.0276890308839191
0.00319488817891374
0.00319488817891374
0.0468583599574015
0.00425985090521832
0.0159744408945687
0.00745473908413206
0.053248136315229
0.00745473908413206
0.0553780617678381
0.0383386581469649
0.0159744408945687
0.00958466453674121
0.00425985090521832
0.00319488817891374
0.0170394036208733
0.0212992545260916
0.0053248136315229
0.00958466453674121
0.0255591054313099
0.0149094781682641
0
0.0117145899893504
0.0298189563365282
0.00319488817891374
0.0053248136315229
0.0106496272630458
0.0394036208732694
0.0170394036208733
0.154419595314164
0.0713525026624068
0.033013844515442
0.0638977635782748
0.0138445154419595
0.0170394036208733
0.0276890308839191
0.0692225772097977
0.020234291799787
0.0425985090521832
0.0617678381256656
0.0564430244941427
0.00851970181043664
0.0287539936102236
0.0638977635782748
0.0159744408945687
0.0479233226837061
0.0362087326943557
0.0915867944621938
0.0298189563365282
0.0841320553780618
0.0372736954206603
0.0170394036208733
0.0298189563365282
0.00425985090521832
0.012779552715655
0.00851970181043664
0.0287539936102236
0.00638977635782748
0.020234291799787
0.0266240681576145
0.0191693290734824
0.00319488817891374
0.0117145899893504
0.0351437699680511
0.0053248136315229
0.0170394036208733
0.00851970181043664
0.0479233226837061
0.00958466453674121
0.137380191693291
0.073482428115016
0.033013844515442
0.0681576144834931
0.0117145899893504
0.00851970181043664
0.0138445154419595
0.0660276890308839
0.020234291799787
0.0383386581469649
0.053248136315229
0.0383386581469649
0.00425985090521832
0.0170394036208733
0.10010649627263
0.00958466453674121
0.0244941427050053
0.033013844515442
0.106496272630458
0.020234291799787
0.291799787007455
0.178913738019169
0.0553780617678381
0.148029818956337
0.0181043663471778
0.0308839190628328
0.0266240681576145
0.0969116080937167
0.033013844515442
0.0649627263045793
0.122470713525027
0.101171458998935
0.0053248136315229
0.0234291799787007
0.182108626198083
0.0244941427050053
0.0425985090521832
0.0585729499467519
0.203407880724175
0.0340788072417465
0.215122470713525
0.205537806176784
0.0468583599574015
0.181043663471778
0.00851970181043664
0.0276890308839191
0.012779552715655
0.0489882854100106
0.0191693290734824
0.0340788072417465
0.0990415335463259
0.109691160809372
0.00958466453674121
0.0106496272630458
0.210862619808307
0.00958466453674121
0.0660276890308839
0.0511182108626198
0.223642172523962
0.0223642172523962
0.0159744408945687
0.0181043663471778
0.00212992545260916
0.0117145899893504
0.00212992545260916
0.00319488817891374
0.00106496272630458
0.00319488817891374
0.00106496272630458
0.00212992545260916
0.00745473908413206
0.012779552715655
0.00212992545260916
0.00212992545260916
0.012779552715655
0.00106496272630458
0.00319488817891374
0.00212992545260916
0.0170394036208733
0.00319488817891374
0.0713525026624068
0.0362087326943557
0.0159744408945687
0.0266240681576145
0.00851970181043664
0.0053248136315229
0.00851970181043664
0.012779552715655
0.00745473908413206
0.0212992545260916
0.0244941427050053
0.0181043663471778
0.00212992545260916
0.0053248136315229
0.053248136315229
0.00425985090521832
0.0191693290734824
0.00425985090521832
0.0479233226837061
0.0106496272630458
0.516506922257721
0.386581469648562
0.121405750798722
0.414270500532481
0.0234291799787007
0.0564430244941427
0.0244941427050053
0.0660276890308839
0.0319488817891374
0.0873269435569755
0.24174653887114
0.26517571884984
0.0212992545260916
0.0415335463258786
0.434504792332268
0.0255591054313099
0.10223642172524
0.0798722044728434
0.484558040468584
0.0500532481363152
0.0425985090521832
0.0298189563365282
0.0191693290734824
0.0191693290734824
0.00319488817891374
0.00425985090521832
0.00745473908413206
0.00958466453674121
0.0053248136315229
0.0170394036208733
0.0170394036208733
0.0159744408945687
0.00106496272630458
0.00425985090521832
0.033013844515442
0.00106496272630458
0.0053248136315229
0.00745473908413206
0.020234291799787
0.00958466453674121
0.155484558040469
0.107561235356763
0.033013844515442
0.0617678381256656
0.0138445154419595
0.020234291799787
0.0117145899893504
0.020234291799787
0.0170394036208733
0.0308839190628328
0.060702875399361
0.0447284345047923
0.00319488817891374
0.00958466453674121
0.110756123535676
0.00745473908413206
0.0383386581469649
0.0159744408945687
0.128860489882854
0.0298189563365282
0.109691160809372
0.0841320553780618
0.0287539936102236
0.0841320553780618
0.00638977635782748
0.0170394036208733
0.00638977635782748
0.0244941427050053
0.0181043663471778
0.0266240681576145
0.0394036208732694
0.053248136315229
0.00319488817891374
0.0170394036208733
0.0766773162939297
0.00745473908413206
0.0212992545260916
0.0117145899893504
0.073482428115016
0.0106496272630458
0.854100106496273
0.292864749733759
0.106496272630458
0.283280085197018
0.0362087326943557
0.0468583599574015
0.0223642172523962
0.0564430244941427
0.0436634717784878
0.128860489882854
0.157614483493078
0.205537806176784
0.0159744408945687
0.0617678381256656
0.637912673056443
0.0394036208732694
0.106496272630458
0.0638977635782748
1
0.0596379126730564
0.0830670926517572
0.0394036208732694
0.0234291799787007
0.0383386581469649
0.00745473908413206
0.0053248136315229
0.00958466453674121
0.0234291799787007
0.0117145899893504
0.0234291799787007
0.0383386581469649
0.020234291799787
0
0.0106496272630458
0.0436634717784878
0.00638977635782748
0.020234291799787
0.00745473908413206
0.0724174653887114
0.00958466453674121
