597
412
120
343
23
56
69
160
78
121
324
184
11
53
538
39
160
130
628
81
465
269
81
249
24
41
35
96
49
80
177
106
7
30
369
33
115
70
378
42
96
105
31
72
6
17
22
50
16
24
58
49
4
8
89
11
43
26
117
14
264
333
82
338
6
62
20
69
39
50
157
175
12
31
248
25
73
78
353
41
52
32
8
32
6
3
9
16
6
10
15
18
1
5
31
3
13
4
41
4
45
53
16
51
3
9
5
25
8
10
31
36
3
6
46
4
10
12
56
4
46
45
21
18
6
2
13
26
13
20
31
19
1
9
28
7
14
15
51
20
164
74
44
71
16
20
28
79
22
40
73
55
3
21
72
25
50
40
88
32
76
37
18
31
8
11
10
32
3
21
30
22
5
8
29
5
21
11
44
8
144
77
29
68
7
7
17
64
15
41
52
40
4
14
75
17
31
26
96
21
314
185
68
146
15
32
37
93
25
61
126
92
9
25
167
27
48
58
182
40
177
182
44
178
9
27
18
48
23
46
116
116
6
8
178
6
51
41
215
20
15
13
2
4
2
0
1
3
0
3
5
10
2
2
20
2
5
3
11
4
81
30
13
23
9
4
6
12
9
18
29
16
2
10
47
3
20
11
41
10
477
332
102
389
17
54
28
67
28
75
187
253
18
43
366
28
95
88
437
46
39
32
17
13
3
9
7
24
10
18
23
19
2
7
31
6
7
9
25
8
132
116
33
66
13
18
21
29
16
34
55
46
0
19
115
11
34
20
123
29
91
81
27
77
12
18
21
28
18
20
47
54
3
18
67
6
30
15
85
12
783
271
86
263
28
40
28
65
42
136
174
180
13
66
579
43
93
66
855
60
90
49
21
28
5
7
10
32
10
18
41
21
1
12
44
8
24
10
65
9
