0.652513966480447
0.478212290502793
0.129608938547486
0.382122905027933
0.0256983240223464
0.0592178770949721
0.0726256983240224
0.175418994413408
0.0726256983240224
0.127374301675978
0.335195530726257
0.231284916201117
0.0212290502793296
0.0603351955307263
0.573184357541899
0.0458100558659218
0.160893854748603
0.131843575418994
0.680446927374302
0.0905027932960894
0.515083798882682
0.281564245810056
0.0726256983240224
0.258100558659218
0.0268156424581006
0.0357541899441341
0.0346368715083799
0.111731843575419
0.0513966480446927
0.0916201117318436
0.21340782122905
0.118435754189944
0.00782122905027933
0.0379888268156425
0.382122905027933
0.0324022346368715
0.11731843575419
0.0871508379888268
0.450279329608939
0.0491620111731844
0.108379888268156
0.134078212290503
0.0335195530726257
0.088268156424581
0.00111731843575419
0.0156424581005587
0.0268156424581006
0.041340782122905
0.0122905027932961
0.0301675977653631
0.0636871508379888
0.0458100558659218
0.00893854748603352
0.0100558659217877
0.0871508379888268
0.0100558659217877
0.0435754189944134
0.0335195530726257
0.132960893854749
0.0167597765363128
0.297206703910615
0.36536312849162
0.0871508379888268
0.375418994413408
0.0122905027932961
0.0625698324022346
0.0212290502793296
0.0715083798882682
0.0391061452513966
0.0748603351955307
0.173184357541899
0.196648044692737
0.0167597765363128
0.0458100558659218
0.290502793296089
0.0268156424581006
0.088268156424581
0.0804469273743017
0.354189944134078
0.0491620111731844
0.064804469273743
0.0357541899441341
0.00893854748603352
0.0346368715083799
0.00558659217877095
0.00335195530726257
0.00893854748603352
0.0201117318435754
0.00558659217877095
0.0122905027932961
0.0189944134078212
0.0201117318435754
0.00111731843575419
0.00782122905027933
0.0391061452513966
0.00558659217877095
0.0122905027932961
0.00446927374301676
0.046927374301676
0.00223463687150838
0.0536312849162011
0.0625698324022346
0.0189944134078212
0.0592178770949721
0.00335195530726257
0.00670391061452514
0.00335195530726257
0.023463687150838
0.00782122905027933
0.00558659217877095
0.0268156424581006
0.0324022346368715
0.00446927374301676
0.00446927374301676
0.0446927374301676
0.00335195530726257
0.0156424581005587
0.0134078212290503
0.0491620111731844
0.00446927374301676
0.0525139664804469
0.0379888268156425
0.0268156424581006
0.0145251396648045
0.00893854748603352
0.00223463687150838
0.0122905027932961
0.0268156424581006
0.00782122905027933
0.0134078212290503
0.0346368715083799
0.0145251396648045
0.00335195530726257
0.00782122905027933
0.0301675977653631
0.00782122905027933
0.0111731843575419
0.0145251396648045
0.0581005586592179
0.017877094972067
0.183240223463687
0.0737430167597765
0.0547486033519553
0.0726256983240224
0.0156424581005587
0.0201117318435754
0.0189944134078212
0.0726256983240224
0.023463687150838
0.0480446927374302
0.0636871508379888
0.0636871508379888
0.00782122905027933
0.0201117318435754
0.0670391061452514
0.0189944134078212
0.0603351955307263
0.041340782122905
0.0927374301675978
0.0301675977653631
0.0737430167597765
0.0458100558659218
0.017877094972067
0.0290502793296089
0.00558659217877095
0.0122905027932961
0.00893854748603352
0.0290502793296089
0.00670391061452514
0.017877094972067
0.0301675977653631
0.0201117318435754
0.00335195530726257
0.0111731843575419
0.0391061452513966
0.00670391061452514
0.0156424581005587
0.0100558659217877
0.0435754189944134
0.0111731843575419
0.15195530726257
0.0748603351955307
0.0335195530726257
0.0826815642458101
0.017877094972067
0.0100558659217877
0.017877094972067
0.0692737430167598
0.023463687150838
0.0391061452513966
0.0491620111731844
0.0335195530726257
0.00446927374301676
0.0212290502793296
0.0849162011173184
0.0145251396648045
0.0256983240223464
0.0335195530726257
0.108379888268156
0.023463687150838
0.306145251396648
0.183240223463687
0.0726256983240224
0.166480446927374
0.0201117318435754
0.0324022346368715
0.0312849162011173
0.093854748603352
0.0290502793296089
0.0681564245810056
0.134078212290503
0.106145251396648
0.0100558659217877
0.0245810055865922
0.182122905027933
0.0268156424581006
0.0614525139664804
0.0625698324022346
0.201117318435754
0.0446927374301676
0.204469273743017
0.206703910614525
0.0379888268156425
0.196648044692737
0.0100558659217877
0.0256983240223464
0.0189944134078212
0.0525139664804469
0.0189944134078212
0.0435754189944134
0.111731843575419
0.111731843575419
0.00446927374301676
0.0122905027932961
0.197765363128492
0.00670391061452514
0.0592178770949721
0.0502793296089385
0.23463687150838
0.0189944134078212
0.017877094972067
0.0189944134078212
0.00670391061452514
0.00893854748603352
0.00223463687150838
0.00223463687150838
0.00335195530726257
0.00670391061452514
0
0.00446927374301676
0.00782122905027933
0.0167597765363128
0.00111731843575419
0.00223463687150838
0.0167597765363128
0.00223463687150838
0.00223463687150838
0.00111731843575419
0.0145251396648045
0.00335195530726257
0.0893854748603352
0.041340782122905
0.0189944134078212
0.0312849162011173
0.0100558659217877
0.00446927374301676
0.0111731843575419
0.0189944134078212
0.00893854748603352
0.0201117318435754
0.023463687150838
0.023463687150838
0.00223463687150838
0.0122905027932961
0.0446927374301676
0.00446927374301676
0.0156424581005587
0.0100558659217877
0.046927374301676
0.0122905027932961
0.526256983240223
0.362011173184358
0.10391061452514
0.414525139664804
0.0201117318435754
0.0592178770949721
0.0245810055865922
0.0782122905027933
0.0290502793296089
0.0815642458100559
0.22122905027933
0.265921787709497
0.023463687150838
0.041340782122905
0.401117318435754
0.0245810055865922
0.110614525139665
0.0837988826815642
0.479329608938547
0.0547486033519553
0.0391061452513966
0.0379888268156425
0.0145251396648045
0.023463687150838
0.00223463687150838
0.00782122905027933
0.00893854748603352
0.0156424581005587
0.0134078212290503
0.0167597765363128
0.0201117318435754
0.0156424581005587
0.00111731843575419
0.00782122905027933
0.0368715083798883
0.00893854748603352
0.00670391061452514
0.00782122905027933
0.0256983240223464
0.00782122905027933
0.162011173184358
0.120670391061453
0.041340782122905
0.0625698324022346
0.0134078212290503
0.0145251396648045
0.0189944134078212
0.0256983240223464
0.0145251396648045
0.0368715083798883
0.0547486033519553
0.0402234636871508
0.00446927374301676
0.017877094972067
0.116201117318436
0.00893854748603352
0.0301675977653631
0.0279329608938547
0.141899441340782
0.0312849162011173
0.11731843575419
0.0871508379888268
0.0335195530726257
0.093854748603352
0.00670391061452514
0.0167597765363128
0.0223463687150838
0.0301675977653631
0.017877094972067
0.0279329608938547
0.0446927374301676
0.0525139664804469
0.00335195530726257
0.0212290502793296
0.0759776536312849
0.00893854748603352
0.0324022346368715
0.0212290502793296
0.0770949720670391
0.0156424581005587
0.823463687150838
0.291620111731844
0.109497206703911
0.299441340782123
0.0402234636871508
0.0458100558659218
0.0290502793296089
0.0558659217877095
0.0446927374301676
0.136312849162011
0.183240223463687
0.193296089385475
0.0100558659217877
0.0681564245810056
0.644692737430168
0.0480446927374302
0.102793296089385
0.0837988826815642
1
0.0748603351955307
0.0927374301675978
0.0480446927374302
0.0279329608938547
0.0379888268156425
0.00893854748603352
0.00782122905027933
0.00893854748603352
0.0312849162011173
0.0111731843575419
0.0245810055865922
0.0491620111731844
0.023463687150838
0.00111731843575419
0.0156424581005587
0.0536312849162011
0.00670391061452514
0.0189944134078212
0.0134078212290503
0.0759776536312849
0.0134078212290503
