0.681652490886999
0.486026731470231
0.145808019441069
0.398541919805589
0.031591737545565
0.0741190765492102
0.0801944106925881
0.184690157958688
0.0874848116646416
0.14823815309842
0.31591737545565
0.212636695018226
0.0157958687727825
0.0486026731470231
0.582017010935601
0.0413122721749696
0.14823815309842
0.130012150668287
0.733900364520049
0.0874848116646416
0.543134872417983
0.285540704738761
0.0886998784933171
0.284325637910085
0.0255164034021871
0.040097205346294
0.0279465370595383
0.1044957472661
0.054678007290401
0.0838396111786148
0.221142162818955
0.133657351154313
0.00729040097205346
0.0352369380315917
0.387606318347509
0.0340218712029162
0.120291616038882
0.0935601458080194
0.454434993924666
0.0558930741190765
0.108140947752126
0.12636695018226
0.0328068043742406
0.102065613608748
0.00486026731470231
0.0170109356014581
0.0194410692588092
0.0340218712029162
0.0194410692588092
0.0279465370595383
0.0571081409477521
0.0619684082624544
0.00850546780072904
0.00364520048602673
0.0899149453219927
0.00972053462940462
0.0352369380315917
0.0352369380315917
0.108140947752126
0.0145808019441069
0.306196840826245
0.382746051032807
0.0814094775212637
0.392466585662211
0.00850546780072904
0.0534629404617254
0.0157958687727825
0.0656136087484812
0.0473876063183475
0.0595382746051033
0.204131227217497
0.222357229647631
0.0121506682867558
0.0425273390036452
0.280680437424058
0.023086269744836
0.0911300121506683
0.0729040097205346
0.359659781287971
0.0413122721749696
0.0765492102065614
0.0328068043742406
0.00486026731470231
0.0340218712029162
0.00607533414337789
0.00364520048602673
0.00607533414337789
0.0121506682867558
0.00486026731470231
0.0157958687727825
0.0145808019441069
0.0182260024301337
0.00243013365735115
0.00121506682867558
0.0534629404617254
0.00486026731470231
0.0121506682867558
0.00364520048602673
0.0425273390036452
0.00486026731470231
0.0595382746051033
0.0583232077764277
0.0194410692588092
0.0607533414337789
0.00486026731470231
0.0133657351154313
0.00729040097205346
0.023086269744836
0.00607533414337789
0.00729040097205346
0.0291616038882139
0.031591737545565
0
0.00729040097205346
0.0461725394896719
0.00486026731470231
0.0194410692588092
0.0145808019441069
0.0534629404617254
0.00972053462940462
0.0473876063183475
0.0388821385176185
0.0133657351154313
0.0170109356014581
0.00486026731470231
0.00364520048602673
0.0109356014580802
0.023086269744836
0.00607533414337789
0.0170109356014581
0.0352369380315917
0.0170109356014581
0.00364520048602673
0.00850546780072904
0.0303766707168894
0.00729040097205346
0.00972053462940462
0.0109356014580802
0.0473876063183475
0.0157958687727825
0.171324422843256
0.0899149453219927
0.0461725394896719
0.0704738760631835
0.0121506682867558
0.0218712029161604
0.0218712029161604
0.0789793438639125
0.0157958687727825
0.0388821385176185
0.0692588092345079
0.054678007290401
0.00364520048602673
0.0291616038882139
0.0704738760631835
0.0194410692588092
0.0571081409477521
0.0388821385176185
0.0996354799513973
0.0388821385176185
0.0899149453219927
0.0510328068043742
0.0182260024301337
0.0218712029161604
0.00364520048602673
0.0133657351154313
0.0109356014580802
0.031591737545565
0.00364520048602673
0.0255164034021871
0.0364520048602673
0.0206561360874848
0.00486026731470231
0.00850546780072904
0.0388821385176185
0.00972053462940462
0.0182260024301337
0.0121506682867558
0.0534629404617254
0.00850546780072904
0.168894289185905
0.0838396111786148
0.031591737545565
0.0765492102065614
0.0109356014580802
0.0109356014580802
0.0206561360874848
0.0692588092345079
0.0182260024301337
0.0352369380315917
0.0571081409477521
0.0486026731470231
0.00364520048602673
0.0255164034021871
0.0935601458080194
0.0170109356014581
0.0255164034021871
0.0279465370595383
0.110571081409478
0.0182260024301337
0.303766707168894
0.201701093560146
0.0656136087484812
0.166464155528554
0.0194410692588092
0.0388821385176185
0.023086269744836
0.108140947752126
0.031591737545565
0.0741190765492102
0.13730255164034
0.109356014580802
0.00607533414337789
0.023086269744836
0.181044957472661
0.0255164034021871
0.0571081409477521
0.0534629404617254
0.221142162818955
0.0534629404617254
0.216281895504253
0.226002430133657
0.0413122721749696
0.187120291616039
0.00850546780072904
0.0267314702308627
0.0157958687727825
0.0522478736330498
0.0291616038882139
0.0510328068043742
0.123936816524909
0.111786148238153
0.00972053462940462
0.0145808019441069
0.212636695018226
0.00850546780072904
0.0571081409477521
0.0498177399756987
0.224787363304982
0.0243013365735115
0.0121506682867558
0.0182260024301337
0.00486026731470231
0.00972053462940462
0.00243013365735115
0.00121506682867558
0.00486026731470231
0.00486026731470231
0
0.00243013365735115
0.00607533414337789
0.00850546780072904
0.00121506682867558
0
0.0121506682867558
0.00121506682867558
0.00243013365735115
0.00121506682867558
0.0182260024301337
0.00364520048602673
0.0899149453219927
0.0413122721749696
0.0157958687727825
0.0243013365735115
0.00729040097205346
0.00364520048602673
0.00607533414337789
0.00850546780072904
0.00607533414337789
0.0194410692588092
0.0291616038882139
0.023086269744836
0
0.0121506682867558
0.0437424058323208
0.00243013365735115
0.0157958687727825
0.0145808019441069
0.0364520048602673
0.0133657351154313
0.517618469015796
0.391251518833536
0.102065613608748
0.415552855407047
0.0255164034021871
0.0571081409477521
0.0279465370595383
0.0729040097205346
0.031591737545565
0.0850546780072904
0.221142162818955
0.269744835965978
0.0170109356014581
0.0425273390036452
0.422843256379101
0.0303766707168894
0.1044957472661
0.0838396111786148
0.503037667071689
0.0534629404617254
0.0376670716889429
0.0303766707168894
0.0133657351154313
0.0243013365735115
0.00486026731470231
0.00729040097205346
0.00850546780072904
0.0194410692588092
0.0121506682867558
0.0182260024301337
0.023086269744836
0.0157958687727825
0.00121506682867558
0.00486026731470231
0.0303766707168894
0.00850546780072904
0.00486026731470231
0.00850546780072904
0.0279465370595383
0.00729040097205346
0.159173754556501
0.110571081409478
0.0328068043742406
0.0729040097205346
0.0157958687727825
0.0170109356014581
0.0145808019441069
0.0206561360874848
0.0206561360874848
0.0303766707168894
0.0558930741190765
0.0413122721749696
0.00364520048602673
0.0170109356014581
0.114216281895504
0.00972053462940462
0.0340218712029162
0.0121506682867558
0.142162818955043
0.0243013365735115
0.116646415552855
0.0826245443499393
0.0291616038882139
0.0899149453219927
0.00729040097205346
0.0194410692588092
0.0109356014580802
0.0255164034021871
0.0206561360874848
0.0243013365735115
0.0449574726609964
0.054678007290401
0.00364520048602673
0.0145808019441069
0.0729040097205346
0.00243013365735115
0.023086269744836
0.0170109356014581
0.0801944106925881
0.00972053462940462
0.871202916160389
0.30498177399757
0.109356014580802
0.285540704738761
0.0328068043742406
0.0486026731470231
0.0255164034021871
0.0741190765492102
0.0486026731470231
0.16767922235723
0.181044957472661
0.213851761846902
0.0109356014580802
0.06318347509113
0.667071688942892
0.0413122721749696
0.0959902794653706
0.0583232077764277
1
0.0607533414337789
0.0814094775212637
0.0534629404617254
0.0255164034021871
0.0340218712029162
0.00729040097205346
0.00729040097205346
0.00972053462940462
0.0352369380315917
0.0170109356014581
0.0243013365735115
0.040097205346294
0.023086269744836
0.00121506682867558
0.0109356014580802
0.0498177399756987
0.00850546780072904
0.0243013365735115
0.0133657351154313
0.0765492102065614
0.0133657351154313
