0.658421672555948
0.464075382803298
0.134275618374558
0.396937573616019
0.032979976442874
0.0647820965842167
0.0624263839811543
0.163722025912839
0.0600706713780919
0.134275618374558
0.319199057714959
0.21319199057715
0.0106007067137809
0.0435806831566549
0.578327444051826
0.0424028268551237
0.15547703180212
0.127208480565371
0.745583038869258
0.0647820965842167
0.512367491166078
0.273262661955241
0.0742049469964664
0.255594817432273
0.0282685512367491
0.032979976442874
0.0223792697290931
0.088339222614841
0.0541813898704358
0.0753828032979976
0.179034157832744
0.129564193168433
0.00706713780918728
0.0318021201413428
0.393404004711425
0.0318021201413428
0.0965842167255595
0.071849234393404
0.438162544169611
0.0471142520612485
0.0954063604240283
0.103651354534747
0.0282685512367491
0.0906949352179034
0.00353356890459364
0.0106007067137809
0.016489988221437
0.0341578327444052
0.0141342756183746
0.0270906949352179
0.0565371024734982
0.0518256772673734
0.00471142520612485
0.0094228504122497
0.0871613663133098
0.00824499411071849
0.0400471142520612
0.0282685512367491
0.131919905771496
0.0176678445229682
0.313309776207303
0.354534746760895
0.0730270906949352
0.408716136631331
0.00824499411071849
0.0659599528857479
0.016489988221437
0.0683156654888104
0.0447585394581861
0.0624263839811543
0.168433451118963
0.199057714958775
0.0106007067137809
0.0365135453474676
0.280329799764429
0.0247349823321555
0.0848056537102474
0.0659599528857479
0.354534746760895
0.0365135453474676
0.0624263839811543
0.0341578327444052
0.00588928150765607
0.0412249705535925
0.00471142520612485
0.00471142520612485
0.00471142520612485
0.00824499411071849
0.00235571260306243
0.00588928150765607
0.0188457008244994
0.0176678445229682
0.00117785630153121
0.00353356890459364
0.0424028268551237
0.00353356890459364
0.0117785630153121
0.00706713780918728
0.0353356890459364
0.00117785630153121
0.0600706713780919
0.0565371024734982
0.0176678445229682
0.0530035335689046
0.00471142520612485
0.00353356890459364
0.00706713780918728
0.0141342756183746
0.00471142520612485
0.00824499411071849
0.032979976442874
0.032979976442874
0.00471142520612485
0.00117785630153121
0.0482921083627797
0.00353356890459364
0.0153121319199058
0.0129564193168433
0.0530035335689046
0.00588928150765607
0.0471142520612485
0.0212014134275618
0.0141342756183746
0.0106007067137809
0.00588928150765607
0.00117785630153121
0.0153121319199058
0.0341578327444052
0.0106007067137809
0.016489988221437
0.0306242638398115
0.0129564193168433
0.00471142520612485
0.00824499411071849
0.0259128386336867
0.00235571260306243
0.016489988221437
0.0117785630153121
0.0435806831566549
0.0141342756183746
0.161366313309776
0.0789163722025913
0.0365135453474676
0.0588928150765607
0.0141342756183746
0.0212014134275618
0.0259128386336867
0.0777385159010601
0.0212014134275618
0.03886925795053
0.0577149587750294
0.0412249705535925
0.00588928150765607
0.0282685512367491
0.0694935217903416
0.0200235571260306
0.0365135453474676
0.0353356890459364
0.0859835100117786
0.0247349823321555
0.0824499411071849
0.0353356890459364
0.0129564193168433
0.0247349823321555
0.00706713780918728
0.0117785630153121
0.0094228504122497
0.0282685512367491
0.00706713780918728
0.016489988221437
0.0176678445229682
0.0223792697290931
0.00235571260306243
0.0094228504122497
0.0318021201413428
0.00706713780918728
0.016489988221437
0.0094228504122497
0.03886925795053
0.00706713780918728
0.124852767962309
0.0753828032979976
0.0200235571260306
0.0730270906949352
0.0117785630153121
0.00824499411071849
0.0223792697290931
0.0636042402826855
0.016489988221437
0.032979976442874
0.0447585394581861
0.03886925795053
0.00471142520612485
0.0188457008244994
0.101295641931684
0.0117785630153121
0.0247349823321555
0.0259128386336867
0.117785630153121
0.0212014134275618
0.294464075382803
0.176678445229682
0.0565371024734982
0.149587750294464
0.016489988221437
0.0400471142520612
0.0176678445229682
0.0777385159010601
0.0200235571260306
0.0683156654888104
0.11660777385159
0.0977620730270907
0.00353356890459364
0.0212014134275618
0.171967020023557
0.0153121319199058
0.0412249705535925
0.0459363957597173
0.2037691401649
0.0400471142520612
0.214369846878681
0.21319199057715
0.0459363957597173
0.173144876325088
0.00588928150765607
0.0235571260306243
0.0176678445229682
0.0424028268551237
0.0235571260306243
0.0353356890459364
0.0989399293286219
0.11660777385159
0.00706713780918728
0.0106007067137809
0.191990577149588
0.00824499411071849
0.0541813898704358
0.0518256772673734
0.243816254416961
0.0212014134275618
0.0188457008244994
0.0129564193168433
0.00353356890459364
0.00706713780918728
0
0.00117785630153121
0.00235571260306243
0.00706713780918728
0
0.00471142520612485
0.00588928150765607
0.00824499411071849
0.00235571260306243
0.00235571260306243
0.0129564193168433
0.00235571260306243
0.00353356890459364
0.00353356890459364
0.0129564193168433
0.00471142520612485
0.0636042402826855
0.0282685512367491
0.0176678445229682
0.0270906949352179
0.00353356890459364
0.00117785630153121
0.00824499411071849
0.0117785630153121
0.00706713780918728
0.0247349823321555
0.0200235571260306
0.0153121319199058
0.00471142520612485
0.00706713780918728
0.049469964664311
0.00235571260306243
0.0141342756183746
0.00824499411071849
0.0518256772673734
0.0106007067137809
0.54416961130742
0.362779740871614
0.121319199057715
0.420494699646643
0.016489988221437
0.0624263839811543
0.0294464075382803
0.0683156654888104
0.0235571260306243
0.0777385159010601
0.210836277974087
0.277974087161366
0.0200235571260306
0.0376914016489988
0.452296819787986
0.0306242638398115
0.109540636042403
0.0753828032979976
0.488810365135453
0.0447585394581861
0.0341578327444052
0.0306242638398115
0.0106007067137809
0.0247349823321555
0.00235571260306243
0.00824499411071849
0.0129564193168433
0.0141342756183746
0.0106007067137809
0.0153121319199058
0.0188457008244994
0.0223792697290931
0.00235571260306243
0.00588928150765607
0.0270906949352179
0.00235571260306243
0.00706713780918728
0.0106007067137809
0.0259128386336867
0.00706713780918728
0.147232037691402
0.108362779740872
0.0318021201413428
0.0683156654888104
0.00706713780918728
0.0176678445229682
0.0176678445229682
0.0247349823321555
0.0106007067137809
0.0318021201413428
0.049469964664311
0.0400471142520612
0.00117785630153121
0.016489988221437
0.114252061248528
0.0129564193168433
0.0318021201413428
0.0141342756183746
0.118963486454653
0.0223792697290931
0.106007067137809
0.0895170789163722
0.032979976442874
0.0730270906949352
0.00471142520612485
0.0141342756183746
0.0129564193168433
0.0259128386336867
0.0117785630153121
0.0270906949352179
0.0424028268551237
0.0447585394581861
0.00117785630153121
0.0106007067137809
0.0683156654888104
0.00706713780918728
0.0294464075382803
0.0141342756183746
0.0647820965842167
0.0129564193168433
0.88339222614841
0.292108362779741
0.103651354534747
0.285041224970554
0.0282685512367491
0.0471142520612485
0.0223792697290931
0.0636042402826855
0.0400471142520612
0.144876325088339
0.157832744405183
0.201413427561837
0.0153121319199058
0.0612485276796231
0.693757361601885
0.049469964664311
0.0789163722025913
0.0671378091872792
1
0.0683156654888104
0.0765606595995289
0.0482921083627797
0.0223792697290931
0.0424028268551237
0.00353356890459364
0.00235571260306243
0.00353356890459364
0.0235571260306243
0.0153121319199058
0.0129564193168433
0.0294464075382803
0.0188457008244994
0.00235571260306243
0.0141342756183746
0.0424028268551237
0.00824499411071849
0.0247349823321555
0.0094228504122497
0.0683156654888104
0.0106007067137809
