0.644752018454441
0.461361014994233
0.139561707035755
0.379469434832757
0.0334486735870819
0.0657439446366782
0.0749711649365629
0.184544405997693
0.077277970011534
0.140715109573241
0.322952710495963
0.215686274509804
0.013840830449827
0.0542099192618224
0.53517877739331
0.0426758938869665
0.167243367935409
0.126874279123414
0.70242214532872
0.0876585928489043
0.516724336793541
0.269896193771626
0.0818915801614764
0.265282583621684
0.0242214532871972
0.0461361014994233
0.0265282583621684
0.0899653979238754
0.0530565167243368
0.0738177623990773
0.201845444059977
0.123414071510957
0.0115340253748558
0.0311418685121107
0.373702422145329
0.0322952710495963
0.110726643598616
0.0841983852364475
0.434832756632065
0.0449826989619377
0.106113033448674
0.119953863898501
0.027681660899654
0.0876585928489043
0.00461361014994233
0.0196078431372549
0.0173010380622837
0.0380622837370242
0.0115340253748558
0.0230680507497117
0.0645905420991926
0.0507497116493656
0.00922722029988466
0.00922722029988466
0.0888119953863899
0.0115340253748558
0.0403690888119954
0.0299884659746251
0.133794694348328
0.0173010380622837
0.295271049596309
0.359861591695502
0.0818915801614764
0.354094579008074
0.0115340253748558
0.0576701268742791
0.0196078431372549
0.0738177623990773
0.0392156862745098
0.063437139561707
0.163783160322953
0.213379469434833
0.013840830449827
0.0392156862745098
0.280276816608997
0.0230680507497117
0.0934256055363322
0.0795847750865052
0.34717416378316
0.0403690888119954
0.0576701268742791
0.0346020761245675
0.00346020761245675
0.0392156862745098
0.00461361014994233
0.00346020761245675
0.00807381776239908
0.0161476355247982
0.00461361014994233
0.013840830449827
0.0184544405997693
0.0115340253748558
0.00230680507497117
0.00346020761245675
0.0438292964244521
0.00346020761245675
0.0103806228373702
0.00346020761245675
0.0484429065743945
0.00576701268742791
0.0749711649365629
0.0611303344867359
0.0196078431372549
0.0519031141868512
0.00346020761245675
0.0103806228373702
0.00576701268742791
0.0242214532871972
0.0115340253748558
0.00922722029988466
0.0369088811995386
0.0299884659746251
0.00230680507497117
0.00346020761245675
0.04959630911188
0.00576701268742791
0.0184544405997693
0.0126874279123414
0.0611303344867359
0.00576701268742791
0.0576701268742791
0.0403690888119954
0.0173010380622837
0.0173010380622837
0.0069204152249135
0.00461361014994233
0.0115340253748558
0.0346020761245675
0.00807381776239908
0.0126874279123414
0.0311418685121107
0.0173010380622837
0.00230680507497117
0.0069204152249135
0.0380622837370242
0.0069204152249135
0.00922722029988466
0.00807381776239908
0.0472895040369089
0.013840830449827
0.17762399077278
0.0738177623990773
0.0426758938869665
0.0576701268742791
0.0173010380622837
0.0242214532871972
0.0311418685121107
0.0784313725490196
0.0230680507497117
0.0484429065743945
0.0738177623990773
0.0611303344867359
0.0069204152249135
0.0242214532871972
0.069204152249135
0.0311418685121107
0.0519031141868512
0.0426758938869665
0.104959630911188
0.0334486735870819
0.0876585928489043
0.0507497116493656
0.0161476355247982
0.0196078431372549
0.00576701268742791
0.0126874279123414
0.0149942329873126
0.0322952710495963
0.0069204152249135
0.0184544405997693
0.0357554786620531
0.0196078431372549
0.00230680507497117
0.0103806228373702
0.0357554786620531
0.00807381776239908
0.0253748558246828
0.0126874279123414
0.0449826989619377
0.0126874279123414
0.144175317185698
0.069204152249135
0.0346020761245675
0.0818915801614764
0.0115340253748558
0.0126874279123414
0.013840830449827
0.0668973471741638
0.0207612456747405
0.0438292964244521
0.0519031141868512
0.0426758938869665
0.00576701268742791
0.0184544405997693
0.0945790080738178
0.0149942329873126
0.0207612456747405
0.0253748558246828
0.111880046136102
0.0161476355247982
0.303344867358708
0.186851211072664
0.0645905420991926
0.143021914648212
0.0126874279123414
0.0392156862745098
0.0311418685121107
0.107266435986159
0.0380622837370242
0.0680507497116494
0.131487889273356
0.103806228373702
0.0103806228373702
0.0288350634371396
0.199538638985006
0.0322952710495963
0.0588235294117647
0.0576701268742791
0.205305651672434
0.0357554786620531
0.209919261822376
0.197231833910035
0.0438292964244521
0.194925028835063
0.00922722029988466
0.0322952710495963
0.0184544405997693
0.0530565167243368
0.0265282583621684
0.0426758938869665
0.110726643598616
0.117647058823529
0.00576701268742791
0.013840830449827
0.209919261822376
0.00576701268742791
0.0484429065743945
0.055363321799308
0.238754325259516
0.0196078431372549
0.013840830449827
0.0173010380622837
0.00346020761245675
0.0103806228373702
0.00230680507497117
0.00230680507497117
0.00230680507497117
0.0069204152249135
0
0.00461361014994233
0.00807381776239908
0.013840830449827
0
0
0.0196078431372549
0.00115340253748558
0.00230680507497117
0.00461361014994233
0.0161476355247982
0.00346020761245675
0.077277970011534
0.0392156862745098
0.0126874279123414
0.0230680507497117
0.00576701268742791
0.00576701268742791
0.0103806228373702
0.0173010380622837
0.00576701268742791
0.0173010380622837
0.0288350634371396
0.0184544405997693
0.00230680507497117
0.0115340253748558
0.0461361014994233
0.00346020761245675
0.0184544405997693
0.0069204152249135
0.0507497116493656
0.0103806228373702
0.530565167243368
0.343713956170704
0.103806228373702
0.426758938869666
0.0230680507497117
0.0542099192618224
0.0253748558246828
0.0795847750865052
0.0380622837370242
0.0853517877739331
0.220299884659746
0.267589388696655
0.0230680507497117
0.0369088811995386
0.407151095732411
0.0265282583621684
0.101499423298731
0.0830449826989619
0.482122260668973
0.0530565167243368
0.0357554786620531
0.0311418685121107
0.0161476355247982
0.0242214532871972
0.00346020761245675
0.00346020761245675
0.0069204152249135
0.0219146482122261
0.0103806228373702
0.0161476355247982
0.0288350634371396
0.0161476355247982
0.00115340253748558
0.00461361014994233
0.041522491349481
0.00807381776239908
0.00461361014994233
0.00576701268742791
0.027681660899654
0.0103806228373702
0.146482122260669
0.107266435986159
0.0311418685121107
0.0738177623990773
0.0115340253748558
0.0219146482122261
0.0219146482122261
0.0242214532871972
0.0184544405997693
0.0357554786620531
0.0519031141868512
0.041522491349481
0.00346020761245675
0.0207612456747405
0.108419838523645
0.00807381776239908
0.0288350634371396
0.0219146482122261
0.133794694348328
0.0253748558246828
0.103806228373702
0.0899653979238754
0.0288350634371396
0.0830449826989619
0.00461361014994233
0.0161476355247982
0.013840830449827
0.0265282583621684
0.0126874279123414
0.0196078431372549
0.0507497116493656
0.0576701268742791
0.00346020761245675
0.0126874279123414
0.0761245674740484
0.00461361014994233
0.0230680507497117
0.0161476355247982
0.0888119953863899
0.0126874279123414
0.828143021914648
0.312572087658593
0.118800461361015
0.288350634371396
0.0288350634371396
0.0599769319492503
0.0311418685121107
0.0715109573241061
0.0530565167243368
0.149942329873126
0.190311418685121
0.211072664359862
0.0115340253748558
0.0726643598615917
0.650519031141868
0.0426758938869665
0.0888119953863899
0.063437139561707
1
0.0622837370242214
0.0784313725490196
0.0472895040369089
0.0311418685121107
0.0380622837370242
0.0069204152249135
0.00922722029988466
0.0069204152249135
0.0265282583621684
0.013840830449827
0.0161476355247982
0.0369088811995386
0.0230680507497117
0.00230680507497117
0.00922722029988466
0.0507497116493656
0.00576701268742791
0.0196078431372549
0.00807381776239908
0.0795847750865052
0.013840830449827
