0.614207650273224
0.487431693989071
0.140983606557377
0.380327868852459
0.0251366120218579
0.0786885245901639
0.0786885245901639
0.189071038251366
0.0830601092896175
0.137704918032787
0.318032786885246
0.194535519125683
0.0163934426229508
0.0579234972677596
0.554098360655738
0.0437158469945355
0.170491803278689
0.136612021857924
0.684153005464481
0.0775956284153005
0.478688524590164
0.283060109289618
0.0786885245901639
0.225136612021858
0.0229508196721311
0.0404371584699454
0.039344262295082
0.119125683060109
0.0480874316939891
0.0830601092896175
0.20327868852459
0.130054644808743
0.00765027322404372
0.0382513661202186
0.389071038251366
0.0316939890710383
0.118032786885246
0.0765027322404372
0.450273224043716
0.0557377049180328
0.121311475409836
0.113661202185792
0.0382513661202186
0.0863387978142077
0.00546448087431694
0.014207650273224
0.0240437158469945
0.0524590163934426
0.0240437158469945
0.0295081967213115
0.0688524590163934
0.0437158469945355
0.00765027322404372
0.014207650273224
0.0830601092896175
0.014207650273224
0.0469945355191257
0.0284153005464481
0.112568306010929
0.0185792349726776
0.302732240437158
0.339890710382514
0.0775956284153005
0.336612021857923
0.00765027322404372
0.0502732240437158
0.0163934426229508
0.0655737704918033
0.0371584699453552
0.0721311475409836
0.180327868852459
0.179234972677596
0.0131147540983607
0.0382513661202186
0.27103825136612
0.0207650273224044
0.0885245901639344
0.0721311475409836
0.309289617486339
0.0382513661202186
0.0601092896174863
0.033879781420765
0.00765027322404372
0.0360655737704918
0.00437158469945355
0.00437158469945355
0.00546448087431694
0.019672131147541
0.00983606557377049
0.0153005464480874
0.0284153005464481
0.0207650273224044
0.00109289617486339
0.00437158469945355
0.0469945355191257
0.00437158469945355
0.0163934426229508
0.00765027322404372
0.0546448087431694
0.00109289617486339
0.0644808743169399
0.0568306010928962
0.0240437158469945
0.053551912568306
0.00546448087431694
0.00765027322404372
0.0087431693989071
0.0185792349726776
0.0087431693989071
0.0120218579234973
0.0316939890710383
0.0295081967213115
0.00327868852459016
0.00546448087431694
0.0491803278688525
0.00327868852459016
0.0163934426229508
0.0109289617486339
0.0437158469945355
0.00546448087431694
0.0622950819672131
0.0448087431693989
0.0284153005464481
0.0218579234972678
0.00983606557377049
0.00327868852459016
0.014207650273224
0.0360655737704918
0.0087431693989071
0.0207650273224044
0.033879781420765
0.0153005464480874
0.00437158469945355
0.00765027322404372
0.0295081967213115
0.00655737704918033
0.0163934426229508
0.0120218579234973
0.0459016393442623
0.0174863387978142
0.182513661202186
0.0808743169398907
0.0437158469945355
0.0655737704918033
0.0163934426229508
0.019672131147541
0.0327868852459016
0.0852459016393443
0.0262295081967213
0.0513661202185792
0.0775956284153005
0.059016393442623
0.0087431693989071
0.0240437158469945
0.0688524590163934
0.0229508196721311
0.053551912568306
0.039344262295082
0.0885245901639344
0.0360655737704918
0.0852459016393443
0.0491803278688525
0.0185792349726776
0.0316939890710383
0.0087431693989071
0.014207650273224
0.0131147540983607
0.0295081967213115
0.00765027322404372
0.0207650273224044
0.0349726775956284
0.0284153005464481
0.00546448087431694
0.0163934426229508
0.0327868852459016
0.00983606557377049
0.019672131147541
0.0109289617486339
0.0513661202185792
0.0087431693989071
0.168306010928962
0.0797814207650273
0.0327868852459016
0.06775956284153
0.0120218579234973
0.00983606557377049
0.0218579234972678
0.0666666666666667
0.0240437158469945
0.0437158469945355
0.059016393442623
0.0306010928961749
0.00546448087431694
0.0153005464480874
0.087431693989071
0.014207650273224
0.033879781420765
0.0295081967213115
0.136612021857924
0.0229508196721311
0.304918032786885
0.19344262295082
0.0754098360655738
0.147540983606557
0.0229508196721311
0.0284153005464481
0.0327868852459016
0.0983606557377049
0.0382513661202186
0.0885245901639344
0.118032786885246
0.0983606557377049
0.00655737704918033
0.0240437158469945
0.189071038251366
0.0218579234972678
0.0633879781420765
0.0579234972677596
0.213114754098361
0.0382513661202186
0.20327868852459
0.191256830601093
0.0426229508196721
0.174863387978142
0.0109289617486339
0.0316939890710383
0.0131147540983607
0.0480874316939891
0.0218579234972678
0.039344262295082
0.111475409836066
0.112568306010929
0.00983606557377049
0.0174863387978142
0.19344262295082
0.00765027322404372
0.0568306010928962
0.0437158469945355
0.224043715846995
0.0240437158469945
0.0229508196721311
0.0207650273224044
0.00546448087431694
0.0109289617486339
0.00109289617486339
0.00109289617486339
0.00218579234972678
0.0087431693989071
0
0.00546448087431694
0.00655737704918033
0.014207650273224
0
0.00109289617486339
0.0163934426229508
0.00109289617486339
0.00327868852459016
0.00327868852459016
0.0185792349726776
0.00437158469945355
0.0721311475409836
0.0426229508196721
0.0163934426229508
0.0251366120218579
0.0087431693989071
0.00327868852459016
0.0109289617486339
0.014207650273224
0.0109289617486339
0.0262295081967213
0.0284153005464481
0.0185792349726776
0.00218579234972678
0.0109289617486339
0.0469945355191257
0.00327868852459016
0.0131147540983607
0.00765027322404372
0.053551912568306
0.0109289617486339
0.519125683060109
0.359562841530055
0.109289617486339
0.372677595628415
0.0327868852459016
0.0633879781420765
0.0284153005464481
0.0775956284153005
0.0371584699453552
0.0710382513661202
0.216393442622951
0.244808743169399
0.0295081967213115
0.0316939890710383
0.410928961748634
0.0306010928961749
0.106010928961749
0.0797814207650273
0.460109289617486
0.0579234972677596
0.039344262295082
0.0382513661202186
0.0218579234972678
0.0174863387978142
0.00218579234972678
0.00765027322404372
0.00983606557377049
0.0185792349726776
0.0131147540983607
0.0185792349726776
0.0218579234972678
0.0174863387978142
0.00109289617486339
0.00437158469945355
0.0306010928961749
0.00765027322404372
0.00655737704918033
0.0087431693989071
0.0229508196721311
0.0087431693989071
0.150819672131148
0.102732240437158
0.0426229508196721
0.0765027322404372
0.0207650273224044
0.0185792349726776
0.0218579234972678
0.0229508196721311
0.0185792349726776
0.039344262295082
0.053551912568306
0.0491803278688525
0.00218579234972678
0.0163934426229508
0.12896174863388
0.0120218579234973
0.0382513661202186
0.0218579234972678
0.13879781420765
0.0382513661202186
0.113661202185792
0.0808743169398907
0.0295081967213115
0.0765027322404372
0.00765027322404372
0.0153005464480874
0.0240437158469945
0.0218579234972678
0.0229508196721311
0.0240437158469945
0.0459016393442623
0.0502732240437158
0.00546448087431694
0.0153005464480874
0.0612021857923497
0.00655737704918033
0.033879781420765
0.0174863387978142
0.0830601092896175
0.0109289617486339
0.828415300546448
0.292896174863388
0.0939890710382514
0.279781420765027
0.0491803278688525
0.0426229508196721
0.0327868852459016
0.0568306010928962
0.0459016393442623
0.14207650273224
0.183606557377049
0.219672131147541
0.0174863387978142
0.0655737704918033
0.601092896174863
0.0491803278688525
0.0939890710382514
0.0743169398907104
1
0.0699453551912568
0.092896174863388
0.0437158469945355
0.0251366120218579
0.0349726775956284
0.0087431693989071
0.0087431693989071
0.0087431693989071
0.0349726775956284
0.0109289617486339
0.0218579234972678
0.0415300546448087
0.0251366120218579
0.00218579234972678
0.0185792349726776
0.0502732240437158
0.00546448087431694
0.0262295081967213
0.0109289617486339
0.0743169398907104
0.014207650273224
