567
435
134
353
29
64
83
196
65
130
325
204
17
56
500
36
161
131
585
82
480
267
70
237
28
36
38
114
58
76
193
118
8
36
350
23
113
77
385
46
111
102
35
87
7
9
27
60
15
27
65
43
7
13
83
9
46
35
124
18
268
309
83
355
8
64
19
74
33
63
166
184
12
32
257
25
71
67
299
36
64
37
9
27
5
5
8
19
9
10
26
22
3
6
38
3
7
6
45
4
58
53
17
50
4
10
9
23
9
12
41
30
3
7
45
4
17
10
51
6
63
49
24
11
11
4
14
42
11
20
33
18
3
11
35
7
22
14
49
20
190
79
52
68
21
25
32
93
27
59
79
59
3
31
77
20
56
39
107
34
80
44
20
29
7
14
11
32
7
21
35
22
5
9
34
6
20
15
41
10
147
78
31
66
13
7
22
74
27
43
60
37
6
13
101
14
26
32
102
22
312
190
77
137
19
38
38
100
32
78
128
96
4
29
171
24
57
55
196
39
206
185
50
146
12
29
20
53
20
34
110
96
8
12
184
8
57
46
175
24
13
20
3
6
1
0
1
5
1
3
7
9
1
1
21
2
2
1
19
3
77
30
18
23
8
7
10
15
8
23
22
15
0
10
38
1
17
9
46
7
488
337
112
363
21
55
31
76
34
82
192
215
20
31
357
25
95
85
415
50
32
28
17
20
2
7
5
18
8
16
25
17
2
3
28
5
4
5
26
9
130
104
36
73
18
18
28
34
17
43
65
48
1
15
103
13
44
22
113
29
97
92
33
80
12
18
20
27
20
27
41
52
2
13
66
6
27
18
80
10
703
273
86
260
30
41
36
65
51
132
167
170
14
46
553
43
94
66
865
62
87
53
23
39
6
9
9
32
10
23
42
22
1
10
49
4
22
11
59
11
