0.708128078817734
0.492610837438424
0.150246305418719
0.386699507389163
0.0320197044334975
0.0763546798029557
0.0899014778325123
0.192118226600985
0.102216748768473
0.133004926108374
0.352216748768473
0.20935960591133
0.0184729064039409
0.062807881773399
0.630541871921182
0.0455665024630542
0.185960591133005
0.158866995073892
0.71551724137931
0.0862068965517241
0.556650246305419
0.328817733990148
0.104679802955665
0.263546798029557
0.0295566502463054
0.0529556650246305
0.0406403940886699
0.12192118226601
0.0554187192118227
0.0923645320197044
0.240147783251232
0.130541871921182
0.00492610837438424
0.0406403940886699
0.402709359605911
0.0381773399014778
0.125615763546798
0.0923645320197044
0.429802955665025
0.0529556650246305
0.123152709359606
0.12807881773399
0.0369458128078818
0.0911330049261084
0.00985221674876847
0.0184729064039409
0.0283251231527094
0.0529556650246305
0.0160098522167488
0.0233990147783251
0.0788177339901478
0.0652709359605911
0.0061576354679803
0.0135467980295567
0.0911330049261084
0.0123152709359606
0.0529556650246305
0.0320197044334975
0.133004926108374
0.0258620689655172
0.307881773399015
0.348522167487685
0.0972906403940887
0.348522167487685
0.00738916256157635
0.0751231527093596
0.0258620689655172
0.0714285714285714
0.0455665024630542
0.061576354679803
0.197044334975369
0.210591133004926
0.0135467980295567
0.0455665024630542
0.299261083743842
0.0246305418719212
0.0997536945812808
0.0874384236453202
0.355911330049261
0.0504926108374384
0.0640394088669951
0.0381773399014778
0.00862068965517241
0.0406403940886699
0.0061576354679803
0.00369458128078818
0.00985221674876847
0.0258620689655172
0.00369458128078818
0.0147783251231527
0.0197044334975369
0.0221674876847291
0.00123152709359606
0.00492610837438424
0.0394088669950739
0.00492610837438424
0.0147783251231527
0.00492610837438424
0.0566502463054187
0.00738916256157635
0.0652709359605911
0.0751231527093596
0.0233990147783251
0.062807881773399
0.00246305418719212
0.0123152709359606
0.00369458128078818
0.0270935960591133
0.00985221674876847
0.0135467980295567
0.0431034482758621
0.041871921182266
0.00369458128078818
0.00862068965517241
0.0578817733990148
0.00492610837438424
0.0147783251231527
0.0123152709359606
0.0689655172413793
0.0061576354679803
0.0701970443349754
0.0578817733990148
0.0258620689655172
0.020935960591133
0.00492610837438424
0.00492610837438424
0.0160098522167488
0.0344827586206897
0.0197044334975369
0.0221674876847291
0.0394088669950739
0.0246305418719212
0.00246305418719212
0.0135467980295567
0.0381773399014778
0.0061576354679803
0.020935960591133
0.0160098522167488
0.0591133004926108
0.0221674876847291
0.182266009852217
0.0775862068965517
0.0566502463054187
0.0812807881773399
0.0233990147783251
0.0270935960591133
0.0344827586206897
0.0948275862068965
0.0295566502463054
0.0492610837438424
0.083743842364532
0.0652709359605911
0.00738916256157635
0.0332512315270936
0.0751231527093596
0.0258620689655172
0.0665024630541872
0.0517241379310345
0.102216748768473
0.0431034482758621
0.102216748768473
0.0480295566502463
0.0246305418719212
0.0307881773399015
0.00738916256157635
0.0123152709359606
0.0184729064039409
0.0455665024630542
0.0061576354679803
0.0246305418719212
0.0480295566502463
0.0184729064039409
0.00738916256157635
0.00985221674876847
0.0344827586206897
0.00123152709359606
0.0258620689655172
0.0135467980295567
0.0529556650246305
0.0135467980295567
0.16256157635468
0.0911330049261084
0.0344827586206897
0.0738916256157636
0.0123152709359606
0.0110837438423645
0.0221674876847291
0.0788177339901478
0.0233990147783251
0.0529556650246305
0.0591133004926108
0.0492610837438424
0.00492610837438424
0.020935960591133
0.102216748768473
0.0172413793103448
0.0332512315270936
0.0332512315270936
0.118226600985222
0.0221674876847291
0.344827586206897
0.216748768472906
0.083743842364532
0.169950738916256
0.0221674876847291
0.0467980295566502
0.0467980295566502
0.123152709359606
0.0332512315270936
0.0948275862068965
0.166256157635468
0.0972906403940887
0.0061576354679803
0.0307881773399015
0.229064039408867
0.0270935960591133
0.0591133004926108
0.0726600985221675
0.230295566502463
0.0443349753694581
0.20320197044335
0.205665024630542
0.0554187192118227
0.177339901477833
0.0123152709359606
0.0332512315270936
0.0197044334975369
0.0541871921182266
0.0270935960591133
0.0455665024630542
0.161330049261084
0.136699507389163
0.00738916256157635
0.0184729064039409
0.229064039408867
0.00862068965517241
0.0665024630541872
0.0517241379310345
0.248768472906404
0.0270935960591133
0.00985221674876847
0.0160098522167488
0.00246305418719212
0.00862068965517241
0.00246305418719212
0.00246305418719212
0.00246305418719212
0.00369458128078818
0
0.00492610837438424
0.0061576354679803
0.0110837438423645
0.00246305418719212
0.00123152709359606
0.0172413793103448
0.00123152709359606
0.0061576354679803
0.00369458128078818
0.0172413793103448
0.00492610837438424
0.100985221674877
0.0443349753694581
0.0160098522167488
0.0320197044334975
0.00985221674876847
0.00985221674876847
0.0110837438423645
0.0160098522167488
0.0061576354679803
0.0184729064039409
0.0344827586206897
0.0197044334975369
0.00246305418719212
0.0147783251231527
0.0603448275862069
0.00246305418719212
0.0258620689655172
0.0160098522167488
0.0578817733990148
0.0123152709359606
0.567733990147783
0.379310344827586
0.112068965517241
0.455665024630542
0.0270935960591133
0.0665024630541872
0.0369458128078818
0.0751231527093596
0.0381773399014778
0.0862068965517241
0.229064039408867
0.305418719211823
0.0184729064039409
0.0541871921182266
0.432266009852217
0.0270935960591133
0.126847290640394
0.0911330049261084
0.498768472906404
0.0578817733990148
0.0406403940886699
0.0357142857142857
0.0160098522167488
0.0197044334975369
0.00246305418719212
0.00738916256157635
0.00862068965517241
0.0233990147783251
0.00862068965517241
0.020935960591133
0.0295566502463054
0.0147783251231527
0.00123152709359606
0.00492610837438424
0.0381773399014778
0.00492610837438424
0.00738916256157635
0.0110837438423645
0.0221674876847291
0.00862068965517241
0.153940886699507
0.147783251231527
0.0381773399014778
0.0800492610837438
0.0197044334975369
0.020935960591133
0.0283251231527094
0.0406403940886699
0.0233990147783251
0.0467980295566502
0.0677339901477833
0.0517241379310345
0.00246305418719212
0.0221674876847291
0.129310344827586
0.0197044334975369
0.0443349753694581
0.0221674876847291
0.145320197044335
0.0320197044334975
0.118226600985222
0.100985221674877
0.0320197044334975
0.0985221674876847
0.0123152709359606
0.020935960591133
0.0233990147783251
0.0307881773399015
0.0233990147783251
0.0283251231527094
0.0591133004926108
0.0652709359605911
0.00492610837438424
0.0197044334975369
0.0665024630541872
0.0061576354679803
0.0332512315270936
0.0172413793103448
0.0899014778325123
0.0160098522167488
0.86576354679803
0.315270935960591
0.0997536945812808
0.307881773399015
0.0283251231527094
0.0529556650246305
0.0381773399014778
0.0677339901477833
0.0541871921182266
0.171182266009852
0.192118226600985
0.225369458128079
0.00985221674876847
0.0788177339901478
0.667487684729064
0.0455665024630542
0.104679802955665
0.0689655172413793
1
0.0652709359605911
0.103448275862069
0.0677339901477833
0.0295566502463054
0.0320197044334975
0.00738916256157635
0.00738916256157635
0.0147783251231527
0.0320197044334975
0.0197044334975369
0.020935960591133
0.0394088669950739
0.0283251231527094
0
0.0123152709359606
0.0541871921182266
0.00246305418719212
0.0270935960591133
0.0135467980295567
0.0849753694581281
0.0135467980295567
