532
394
121
308
27
53
74
156
61
105
249
197
13
38
479
42
114
125
571
65
427
241
67
217
24
36
27
90
43
70
185
110
8
24
299
32
88
76
401
42
93
106
26
80
6
16
15
43
17
19
51
41
7
14
75
10
40
23
105
16
266
305
68
303
11
42
13
63
27
60
155
172
8
33
238
18
70
55
289
37
54
32
6
36
5
4
7
10
5
13
18
14
1
5
41
4
7
3
44
5
53
53
22
43
3
6
6
18
5
8
27
26
4
3
36
5
13
4
42
8
47
38
22
16
6
3
14
23
12
13
21
21
3
10
25
4
14
9
42
15
138
65
42
52
10
17
26
71
12
33
63
53
7
23
53
12
53
45
84
37
57
35
12
25
3
13
14
21
6
21
30
19
2
8
28
6
20
9
36
10
125
63
28
67
13
7
17
60
20
35
43
28
4
22
89
8
16
27
91
14
235
154
51
125
19
26
20
84
24
74
102
91
6
20
149
25
44
51
174
45
183
166
46
170
11
21
14
53
16
38
75
90
4
9
177
8
52
46
182
17
11
12
4
7
1
2
4
5
0
3
5
12
0
1
11
0
1
2
10
2
67
32
15
24
4
5
13
15
9
13
20
21
0
10
44
2
15
6
41
9
415
318
89
331
23
49
25
62
29
66
189
208
14
41
341
22
93
68
409
49
33
28
11
19
1
8
7
12
7
13
20
15
0
4
31
8
5
8
24
10
132
99
28
64
11
15
17
20
14
30
50
31
4
13
78
11
30
22
105
20
94
77
36
78
9
12
14
17
16
26
41
40
0
15
57
7
23
14
74
14
709
254
96
241
29
45
25
48
41
118
143
173
8
57
555
35
75
66
854
60
75
44
21
35
7
8
6
25
11
21
33
19
1
15
39
5
25
9
74
11
