0.654017857142857
0.510044642857143
0.1171875
0.388392857142857
0.03125
0.0714285714285714
0.0602678571428571
0.1953125
0.0803571428571429
0.128348214285714
0.360491071428571
0.219866071428571
0.0189732142857143
0.0613839285714286
0.5859375
0.0435267857142857
0.166294642857143
0.129464285714286
0.6953125
0.0848214285714286
0.537946428571429
0.285714285714286
0.078125
0.272321428571429
0.0279017857142857
0.0424107142857143
0.0212053571428571
0.0881696428571429
0.0591517857142857
0.0837053571428571
0.199776785714286
0.126116071428571
0.0100446428571429
0.03125
0.385044642857143
0.0334821428571429
0.1171875
0.0758928571428571
0.417410714285714
0.0558035714285714
0.0892857142857143
0.112723214285714
0.0279017857142857
0.09375
0.00334821428571429
0.0111607142857143
0.0200892857142857
0.0401785714285714
0.0100446428571429
0.0212053571428571
0.0546875
0.0435267857142857
0.0100446428571429
0.00892857142857143
0.0870535714285714
0.0100446428571429
0.03125
0.0290178571428571
0.119419642857143
0.0189732142857143
0.3203125
0.362723214285714
0.078125
0.376116071428571
0.00892857142857143
0.0602678571428571
0.0212053571428571
0.0725446428571429
0.0390625
0.0680803571428571
0.162946428571429
0.2109375
0.0189732142857143
0.0412946428571429
0.2890625
0.0212053571428571
0.0814732142857143
0.0770089285714286
0.337053571428571
0.046875
0.0647321428571429
0.03125
0.00111607142857143
0.0424107142857143
0.00334821428571429
0.00558035714285714
0.00334821428571429
0.0145089285714286
0.00446428571428571
0.00892857142857143
0.0178571428571429
0.0234375
0.00223214285714286
0.00446428571428571
0.0446428571428571
0.00669642857142857
0.0111607142857143
0.00558035714285714
0.0479910714285714
0.00558035714285714
0.0613839285714286
0.0558035714285714
0.015625
0.0580357142857143
0.00558035714285714
0.0111607142857143
0.0078125
0.0301339285714286
0.0078125
0.0133928571428571
0.0357142857142857
0.0279017857142857
0.00223214285714286
0.00558035714285714
0.0535714285714286
0.00446428571428571
0.015625
0.0122767857142857
0.0546875
0.00334821428571429
0.0625
0.0401785714285714
0.0122767857142857
0.0167410714285714
0.00558035714285714
0.00558035714285714
0.0145089285714286
0.0334821428571429
0.00892857142857143
0.0133928571428571
0.0279017857142857
0.0189732142857143
0.00334821428571429
0.0100446428571429
0.0267857142857143
0.00558035714285714
0.015625
0.00558035714285714
0.046875
0.0100446428571429
0.180803571428571
0.0770089285714286
0.0390625
0.0647321428571429
0.0189732142857143
0.0267857142857143
0.0234375
0.0725446428571429
0.0200892857142857
0.046875
0.0680803571428571
0.0513392857142857
0.00669642857142857
0.0279017857142857
0.0703125
0.0245535714285714
0.0446428571428571
0.0256696428571429
0.0926339285714286
0.0223214285714286
0.0848214285714286
0.0368303571428571
0.0178571428571429
0.0357142857142857
0.00446428571428571
0.0111607142857143
0.0122767857142857
0.0212053571428571
0.0078125
0.0189732142857143
0.0256696428571429
0.0200892857142857
0.00558035714285714
0.00669642857142857
0.0368303571428571
0.00446428571428571
0.0200892857142857
0.0145089285714286
0.0457589285714286
0.00892857142857143
0.141741071428571
0.0669642857142857
0.03125
0.0747767857142857
0.0122767857142857
0.0122767857142857
0.0122767857142857
0.0647321428571429
0.0167410714285714
0.0401785714285714
0.0524553571428571
0.046875
0.0078125
0.015625
0.0970982142857143
0.015625
0.0223214285714286
0.0345982142857143
0.0993303571428571
0.0212053571428571
0.300223214285714
0.172991071428571
0.0613839285714286
0.158482142857143
0.0212053571428571
0.0323660714285714
0.0334821428571429
0.0970982142857143
0.0345982142857143
0.0691964285714286
0.123883928571429
0.111607142857143
0.00558035714285714
0.0279017857142857
0.199776785714286
0.0234375
0.0479910714285714
0.0569196428571429
0.208705357142857
0.0424107142857143
0.207589285714286
0.200892857142857
0.0390625
0.162946428571429
0.0122767857142857
0.0290178571428571
0.0167410714285714
0.0446428571428571
0.0189732142857143
0.0301339285714286
0.114955357142857
0.1171875
0.0100446428571429
0.0122767857142857
0.216517857142857
0.00892857142857143
0.046875
0.0479910714285714
0.231026785714286
0.0234375
0.0200892857142857
0.0212053571428571
0.00111607142857143
0.015625
0.00111607142857143
0.00223214285714286
0.00111607142857143
0.00669642857142857
0.00111607142857143
0.00669642857142857
0.0122767857142857
0.00892857142857143
0
0
0.0267857142857143
0.00223214285714286
0.00334821428571429
0.00446428571428571
0.0212053571428571
0.00446428571428571
0.078125
0.0357142857142857
0.015625
0.0189732142857143
0.00558035714285714
0.0078125
0.0111607142857143
0.0200892857142857
0.0078125
0.0223214285714286
0.0245535714285714
0.0167410714285714
0.00223214285714286
0.00558035714285714
0.0424107142857143
0.00446428571428571
0.0189732142857143
0.0078125
0.0546875
0.0111607142857143
0.571428571428571
0.371651785714286
0.114955357142857
0.4140625
0.0256696428571429
0.0591517857142857
0.0290178571428571
0.0680803571428571
0.0368303571428571
0.0948660714285714
0.2109375
0.2265625
0.0267857142857143
0.0368303571428571
0.421875
0.0290178571428571
0.100446428571429
0.0848214285714286
0.497767857142857
0.0446428571428571
0.0446428571428571
0.03125
0.0167410714285714
0.0223214285714286
0.00111607142857143
0.00669642857142857
0.00892857142857143
0.0133928571428571
0.0100446428571429
0.0189732142857143
0.0245535714285714
0.0178571428571429
0.00223214285714286
0.00334821428571429
0.0368303571428571
0.00669642857142857
0.0078125
0.00446428571428571
0.0256696428571429
0.00669642857142857
0.158482142857143
0.109375
0.0279017857142857
0.0636160714285714
0.0100446428571429
0.0212053571428571
0.0245535714285714
0.0223214285714286
0.0133928571428571
0.0245535714285714
0.0569196428571429
0.0446428571428571
0.00558035714285714
0.0189732142857143
0.116071428571429
0.00892857142857143
0.0379464285714286
0.0178571428571429
0.121651785714286
0.0245535714285714
0.107142857142857
0.0703125
0.0301339285714286
0.0948660714285714
0.0111607142857143
0.0133928571428571
0.0133928571428571
0.0200892857142857
0.0145089285714286
0.0234375
0.0424107142857143
0.0546875
0.00446428571428571
0.0200892857142857
0.0625
0.0078125
0.0223214285714286
0.0145089285714286
0.0870535714285714
0.00892857142857143
0.848214285714286
0.322544642857143
0.1015625
0.274553571428571
0.0334821428571429
0.0479910714285714
0.0390625
0.0602678571428571
0.0401785714285714
0.135044642857143
0.177455357142857
0.184151785714286
0.0178571428571429
0.0602678571428571
0.637276785714286
0.0446428571428571
0.0993303571428571
0.0703125
1
0.0524553571428571
0.0881696428571429
0.0491071428571429
0.0212053571428571
0.0502232142857143
0.00446428571428571
0.0078125
0.0100446428571429
0.0189732142857143
0.0078125
0.0189732142857143
0.0379464285714286
0.0212053571428571
0.00111607142857143
0.0145089285714286
0.0390625
0.00446428571428571
0.0234375
0.0100446428571429
0.0669642857142857
0.0122767857142857
