543
395
125
329
31
61
65
140
58
114
276
172
15
50
457
37
146
105
635
76
436
231
73
221
18
35
26
83
40
75
142
115
9
21
333
27
91
67
413
44
90
103
23
79
1
15
12
39
13
23
57
39
7
12
83
12
43
23
110
14
262
308
82
320
8
52
14
51
39
57
139
168
6
29
235
19
66
71
312
35
42
26
6
33
2
3
8
10
5
11
23
18
1
4
33
1
11
4
46
3
55
56
17
43
4
7
6
25
8
8
23
33
3
2
48
4
16
11
51
4
41
28
19
16
5
2
13
34
9
11
34
13
2
6
31
4
16
8
49
14
156
68
34
55
10
22
26
66
14
45
51
43
3
22
67
23
44
36
87
26
57
37
11
21
5
11
12
22
6
16
24
19
2
11
32
5
16
10
41
11
121
69
23
66
8
9
14
48
17
41
41
35
5
21
93
12
28
29
103
17
254
164
52
122
16
33
24
88
27
67
106
92
11
19
154
24
49
52
178
30
167
178
38
167
10
28
16
41
17
36
98
95
6
10
173
5
47
42
189
13
16
9
3
10
2
1
1
5
0
5
5
10
1
1
16
0
5
4
10
4
58
29
11
12
3
5
12
16
7
15
22
16
2
8
48
3
12
8
48
13
435
307
99
374
22
58
24
80
27
70
204
235
16
32
360
19
90
76
412
42
29
31
14
12
1
4
5
17
11
17
20
13
1
4
31
0
8
5
20
8
143
98
32
57
8
15
23
20
19
30
51
28
1
15
105
7
30
24
117
20
87
73
29
73
5
12
19
22
13
18
42
44
3
14
62
7
28
16
81
11
781
260
92
233
32
46
30
66
33
125
170
170
13
54
593
34
89
67
914
58
74
43
21
38
8
9
5
25
6
16
36
20
2
14
35
8
12
6
65
10
