605
439
123
349
28
66
61
163
72
111
297
192
18
58
535
41
145
126
593
72
462
223
60
225
25
33
33
88
51
72
170
108
7
27
343
30
95
69
384
45
99
109
28
83
6
12
22
41
13
19
59
34
4
9
82
12
31
28
116
18
277
287
71
330
6
53
21
63
41
55
170
165
12
37
269
21
73
62
304
34
60
30
7
38
5
4
6
17
3
9
14
16
1
4
36
6
11
6
43
4
58
56
21
53
1
7
9
19
5
9
22
28
2
6
41
5
16
8
42
3
44
36
20
15
8
3
16
27
11
17
31
19
3
14
31
6
10
7
40
15
153
66
35
65
18
20
23
72
21
38
70
51
9
28
55
18
42
40
105
28
81
31
18
27
5
9
6
34
8
17
29
17
5
7
33
1
21
12
38
11
125
67
32
62
11
6
16
61
17
41
51
28
3
16
73
14
33
25
90
18
261
173
64
136
18
28
31
96
25
65
112
91
5
23
162
25
46
52
204
38
200
180
43
148
6
27
16
45
16
31
111
113
6
16
179
7
41
43
182
25
15
17
4
12
1
3
2
6
1
4
8
10
1
2
20
1
2
2
16
3
72
28
15
24
7
5
9
15
5
19
27
21
3
8
47
4
24
8
44
9
482
307
103
369
24
52
23
61
32
67
203
229
23
38
358
29
88
66
418
49
37
26
8
20
2
6
9
19
5
17
23
19
2
6
29
5
7
6
23
4
127
100
31
56
10
19
18
26
18
31
44
46
3
14
103
9
34
18
122
20
111
74
31
65
12
12
15
21
16
24
37
46
6
16
56
5
24
11
66
16
759
272
93
246
29
41
31
59
40
129
146
180
19
57
536
32
89
65
881
58
88
43
24
33
7
7
6
25
10
15
33
25
0
8
40
3
22
11
70
11
