0.711586901763224
0.53904282115869
0.139798488664987
0.395465994962217
0.0403022670025189
0.0780856423173804
0.0667506297229219
0.205289672544081
0.0818639798488665
0.152392947103275
0.367758186397985
0.21536523929471
0.0214105793450882
0.0793450881612091
0.620906801007557
0.0491183879093199
0.188916876574307
0.163727959697733
0.710327455919396
0.102015113350126
0.565491183879093
0.299748110831234
0.0931989924433249
0.272040302267003
0.0277078085642317
0.0478589420654912
0.0365239294710327
0.115869017632242
0.0566750629722922
0.0843828715365239
0.227959697732997
0.148614609571788
0.00881612090680101
0.0289672544080605
0.41183879093199
0.0327455919395466
0.122166246851385
0.0806045340050378
0.476070528967254
0.0591939546599496
0.109571788413098
0.132241813602015
0.0428211586901763
0.0944584382871537
0.00629722921914358
0.0138539042821159
0.026448362720403
0.0516372795969773
0.0138539042821159
0.017632241813602
0.0793450881612091
0.0541561712846348
0.0100755667506297
0.0113350125944584
0.102015113350126
0.0100755667506297
0.044080604534005
0.035264483627204
0.123425692695214
0.0201511335012594
0.301007556675063
0.360201511335013
0.0906801007556675
0.322418136020151
0.00629722921914358
0.0642317380352645
0.0251889168765743
0.0869017632241814
0.0428211586901763
0.0692695214105793
0.177581863979849
0.212846347607053
0.0125944584382872
0.0465994962216625
0.292191435768262
0.0188916876574307
0.0755667506297229
0.0743073047858942
0.371536523929471
0.0314861460957179
0.0680100755667506
0.0415617128463476
0.00629722921914358
0.0390428211586902
0.00377833753148615
0.00377833753148615
0.0100755667506297
0.0201511335012594
0.00755667506297229
0.0113350125944584
0.0214105793450882
0.0226700251889169
0
0.00503778337531486
0.0591939546599496
0.00377833753148615
0.0163727959697733
0.00629722921914358
0.0566750629722922
0.00503778337531486
0.0743073047858942
0.0654911838790932
0.0188916876574307
0.0516372795969773
0.00251889168765743
0.00881612090680101
0.00881612090680101
0.0302267002518892
0.00629722921914358
0.0138539042821159
0.0390428211586902
0.0377833753148615
0.00503778337531486
0.00629722921914358
0.0491183879093199
0.00503778337531486
0.017632241813602
0.0138539042821159
0.0566750629722922
0.00629722921914358
0.0654911838790932
0.0516372795969773
0.0239294710327456
0.0151133501259446
0.00881612090680101
0.00503778337531486
0.0201511335012594
0.035264483627204
0.00881612090680101
0.0151133501259446
0.0390428211586902
0.0188916876574307
0
0.0163727959697733
0.0465994962216625
0.00503778337531486
0.0188916876574307
0.0125944584382872
0.0516372795969773
0.017632241813602
0.200251889168766
0.0806045340050378
0.0390428211586902
0.0717884130982368
0.0188916876574307
0.0340050377833753
0.035264483627204
0.0969773299748111
0.0314861460957179
0.0617128463476071
0.0843828715365239
0.0591939546599496
0.00881612090680101
0.0277078085642317
0.0906801007556675
0.026448362720403
0.0591939546599496
0.0415617128463476
0.10831234256927
0.0314861460957179
0.0919395465994962
0.0428211586901763
0.0226700251889169
0.0327455919395466
0.00503778337531486
0.0151133501259446
0.00755667506297229
0.0365239294710327
0.00503778337531486
0.0226700251889169
0.035264483627204
0.0163727959697733
0.00503778337531486
0.0113350125944584
0.0377833753148615
0.00503778337531486
0.0163727959697733
0.0113350125944584
0.0478589420654912
0.0125944584382872
0.158690176322418
0.0982367758186398
0.0403022670025189
0.0654911838790932
0.0100755667506297
0.00629722921914358
0.0151133501259446
0.0743073047858942
0.0188916876574307
0.052896725440806
0.0642317380352645
0.0503778337531486
0.00503778337531486
0.0138539042821159
0.103274559193955
0.0188916876574307
0.0289672544080605
0.0390428211586902
0.113350125944584
0.026448362720403
0.342569269521411
0.217884130982368
0.0743073047858942
0.190176322418136
0.0226700251889169
0.044080604534005
0.0503778337531486
0.115869017632242
0.0365239294710327
0.0755667506297229
0.136020151133501
0.10831234256927
0.00503778337531486
0.0314861460957179
0.193954659949622
0.0277078085642317
0.0642317380352645
0.0743073047858942
0.219143576826196
0.0428211586901763
0.253148614609572
0.214105793450882
0.0491183879093199
0.167506297229219
0.0125944584382872
0.0302267002518892
0.0163727959697733
0.0503778337531486
0.0226700251889169
0.035264483627204
0.130982367758186
0.10831234256927
0.0113350125944584
0.0163727959697733
0.210327455919395
0.00755667506297229
0.0604534005037783
0.0629722921914358
0.230478589420655
0.0226700251889169
0.0188916876574307
0.0151133501259446
0.00251889168765743
0.0125944584382872
0.00125944584382872
0.00251889168765743
0.00125944584382872
0.00755667506297229
0.00125944584382872
0.00377833753148615
0.00881612090680101
0.0113350125944584
0
0
0.0201511335012594
0.00251889168765743
0.00377833753148615
0.00377833753148615
0.0188916876574307
0.00251889168765743
0.0869017632241814
0.0415617128463476
0.0188916876574307
0.0239294710327456
0.00503778337531486
0.00377833753148615
0.0138539042821159
0.0201511335012594
0.00881612090680101
0.0302267002518892
0.0277078085642317
0.017632241813602
0
0.00503778337531486
0.0503778337531486
0.00377833753148615
0.0226700251889169
0.0100755667506297
0.0554156171284635
0.0113350125944584
0.57808564231738
0.389168765743073
0.128463476070529
0.420654911838791
0.0327455919395466
0.0541561712846348
0.0365239294710327
0.0793450881612091
0.0377833753148615
0.0944584382871537
0.246851385390428
0.261964735516373
0.0214105793450882
0.0415617128463476
0.468513853904282
0.0314861460957179
0.117128463476071
0.104534005037783
0.493702770780856
0.0591939546599496
0.0478589420654912
0.035264483627204
0.0188916876574307
0.0163727959697733
0.00251889168765743
0.00755667506297229
0.00629722921914358
0.0151133501259446
0.00755667506297229
0.0214105793450882
0.0327455919395466
0.0113350125944584
0
0.00881612090680101
0.0403022670025189
0.00377833753148615
0.00881612090680101
0.00881612090680101
0.0239294710327456
0.00629722921914358
0.181360201511335
0.113350125944584
0.035264483627204
0.0743073047858942
0.0201511335012594
0.0214105793450882
0.0340050377833753
0.035264483627204
0.0188916876574307
0.0390428211586902
0.0642317380352645
0.0491183879093199
0.00251889168765743
0.017632241813602
0.125944584382872
0.0100755667506297
0.0453400503778338
0.0226700251889169
0.13727959697733
0.0277078085642317
0.123425692695214
0.0994962216624685
0.0365239294710327
0.0931989924433249
0.0138539042821159
0.0188916876574307
0.0163727959697733
0.0314861460957179
0.0188916876574307
0.0277078085642317
0.0465994962216625
0.0566750629722922
0.00755667506297229
0.0163727959697733
0.0843828715365239
0.00755667506297229
0.0327455919395466
0.0100755667506297
0.100755667506297
0.0138539042821159
0.879093198992443
0.32367758186398
0.0994962216624685
0.293450881612091
0.044080604534005
0.0491183879093199
0.0377833753148615
0.0680100755667506
0.0453400503778338
0.156171284634761
0.200251889168766
0.231738035264484
0.0151133501259446
0.0617128463476071
0.644836272040302
0.0516372795969773
0.114609571788413
0.0755667506297229
1
0.0617128463476071
0.0957178841309824
0.0554156171284635
0.0277078085642317
0.035264483627204
0.00881612090680101
0.0113350125944584
0.0113350125944584
0.0327455919395466
0.0100755667506297
0.0201511335012594
0.0453400503778338
0.0226700251889169
0
0.0113350125944584
0.0516372795969773
0.00377833753148615
0.0251889168765743
0.0113350125944584
0.0793450881612091
0.0151133501259446
