0.65389527458493
0.533844189016603
0.164750957854406
0.371647509578544
0.033205619412516
0.0766283524904215
0.0893997445721584
0.204342273307791
0.0919540229885057
0.150702426564496
0.363984674329502
0.197956577266922
0.0140485312899106
0.0651340996168582
0.600255427841635
0.0459770114942529
0.178799489144317
0.146871008939974
0.717752234993614
0.0830140485312899
0.526181353767561
0.314176245210728
0.0766283524904215
0.251596424010217
0.0255427841634738
0.0357598978288633
0.0459770114942529
0.122605363984674
0.0715197956577267
0.108556832694764
0.204342273307791
0.132822477650064
0.00893997445721584
0.0383141762452107
0.398467432950192
0.037037037037037
0.135376756066411
0.0970625798212005
0.490421455938697
0.0498084291187739
0.114942528735632
0.116219667943806
0.0510855683269476
0.103448275862069
0.00510855683269476
0.0178799489144317
0.0306513409961686
0.0574712643678161
0.0191570881226054
0.0344827586206897
0.0766283524904215
0.0510855683269476
0.00638569604086846
0.0127713920817369
0.116219667943806
0.0140485312899106
0.0549169859514687
0.0408684546615581
0.136653895274585
0.0178799489144317
0.292464878671775
0.340996168582375
0.0906768837803321
0.348659003831418
0.00638569604086846
0.0587484035759898
0.0242656449553001
0.0727969348659004
0.037037037037037
0.0600255427841635
0.16602809706258
0.204342273307791
0.0114942528735632
0.0421455938697318
0.300127713920817
0.0293742017879949
0.0804597701149425
0.0804597701149425
0.355044699872286
0.0357598978288633
0.0740740740740741
0.0383141762452107
0.0102171136653895
0.0383141762452107
0.00893997445721584
0.00638569604086846
0.0114942528735632
0.0229885057471264
0.0102171136653895
0.0114942528735632
0.0229885057471264
0.0204342273307791
0.00255427841634738
0.00766283524904215
0.0498084291187739
0.00510855683269476
0.0102171136653895
0.00638569604086846
0.053639846743295
0.00383141762452107
0.0574712643678161
0.0651340996168582
0.0153256704980843
0.0510855683269476
0.00510855683269476
0.00766283524904215
0.00510855683269476
0.0217113665389527
0.00893997445721584
0.0114942528735632
0.0383141762452107
0.0319284802043423
0.00127713920817369
0.00638569604086846
0.0587484035759898
0.00255427841634738
0.0242656449553001
0.0140485312899106
0.0625798212005109
0.00638569604086846
0.070242656449553
0.0472541507024266
0.0306513409961686
0.0204342273307791
0.00766283524904215
0.00255427841634738
0.0293742017879949
0.0408684546615581
0.016602809706258
0.0178799489144317
0.0498084291187739
0.0242656449553001
0.00510855683269476
0.0140485312899106
0.0434227330779055
0.00766283524904215
0.0217113665389527
0.0217113665389527
0.0561941251596424
0.0204342273307791
0.209450830140485
0.0817369093231162
0.053639846743295
0.070242656449553
0.0268199233716475
0.0280970625798212
0.0434227330779055
0.104725415070243
0.0306513409961686
0.0574712643678161
0.0855683269476373
0.0689655172413793
0.00893997445721584
0.0421455938697318
0.0779054916985951
0.0204342273307791
0.053639846743295
0.0421455938697318
0.118773946360153
0.0408684546615581
0.0932311621966794
0.0574712643678161
0.0191570881226054
0.0383141762452107
0.00893997445721584
0.0153256704980843
0.0114942528735632
0.0395913154533844
0.00893997445721584
0.0229885057471264
0.0319284802043423
0.0306513409961686
0.00766283524904215
0.0153256704980843
0.0357598978288633
0.00510855683269476
0.016602809706258
0.0140485312899106
0.053639846743295
0.0102171136653895
0.172413793103448
0.0791826309067688
0.0319284802043423
0.0766283524904215
0.0114942528735632
0.0140485312899106
0.0280970625798212
0.0689655172413793
0.0217113665389527
0.0446998722860792
0.053639846743295
0.0421455938697318
0.00510855683269476
0.0204342273307791
0.111111111111111
0.0178799489144317
0.0434227330779055
0.0344827586206897
0.136653895274585
0.0293742017879949
0.338441890166028
0.227330779054917
0.086845466155811
0.158365261813538
0.0191570881226054
0.0383141762452107
0.0383141762452107
0.136653895274585
0.0319284802043423
0.0740740740740741
0.151979565772669
0.10727969348659
0.00638569604086846
0.0280970625798212
0.194125159642401
0.0293742017879949
0.053639846743295
0.0664112388250319
0.215836526181354
0.0344827586206897
0.220945083014049
0.194125159642401
0.0472541507024266
0.16602809706258
0.0102171136653895
0.0319284802043423
0.0191570881226054
0.0561941251596424
0.0280970625798212
0.0549169859514687
0.150702426564496
0.122605363984674
0.0140485312899106
0.0204342273307791
0.206896551724138
0.0114942528735632
0.0638569604086845
0.0574712643678161
0.218390804597701
0.0268199233716475
0.0191570881226054
0.0242656449553001
0.00766283524904215
0.00638569604086846
0.00127713920817369
0.00127713920817369
0.00383141762452107
0.00510855683269476
0.00127713920817369
0.00638569604086846
0.00893997445721584
0.0114942528735632
0.00255427841634738
0.00255427841634738
0.016602809706258
0
0.00383141762452107
0.00255427841634738
0.0217113665389527
0.00383141762452107
0.0881226053639847
0.0421455938697318
0.0229885057471264
0.0319284802043423
0.00893997445721584
0.00383141762452107
0.016602809706258
0.016602809706258
0.00893997445721584
0.0280970625798212
0.0319284802043423
0.0293742017879949
0.00127713920817369
0.0102171136653895
0.0625798212005109
0.00510855683269476
0.0191570881226054
0.0114942528735632
0.0446998722860792
0.016602809706258
0.551724137931034
0.384418901660281
0.127713920817369
0.432950191570881
0.0306513409961686
0.0587484035759898
0.0242656449553001
0.0830140485312899
0.0421455938697318
0.0945083014048531
0.254150702426565
0.28735632183908
0.0178799489144317
0.0472541507024266
0.421455938697318
0.0357598978288633
0.122605363984674
0.0932311621966794
0.503192848020434
0.0638569604086845
0.0357598978288633
0.0293742017879949
0.0191570881226054
0.0280970625798212
0.00638569604086846
0.00510855683269476
0.0114942528735632
0.0204342273307791
0.00510855683269476
0.0204342273307791
0.0293742017879949
0.0268199233716475
0.00255427841634738
0.00766283524904215
0.037037037037037
0.00510855683269476
0.00510855683269476
0.0114942528735632
0.0306513409961686
0.00510855683269476
0.18007662835249
0.13154533844189
0.0459770114942529
0.0638569604086845
0.0153256704980843
0.0153256704980843
0.0383141762452107
0.037037037037037
0.0217113665389527
0.0357598978288633
0.0574712643678161
0.0498084291187739
0.00383141762452107
0.0242656449553001
0.139208173690932
0.0102171136653895
0.0498084291187739
0.0242656449553001
0.144316730523627
0.0344827586206897
0.135376756066411
0.103448275862069
0.033205619412516
0.0842911877394636
0.0102171136653895
0.0204342273307791
0.0280970625798212
0.0319284802043423
0.0191570881226054
0.0255427841634738
0.0523627075351213
0.0498084291187739
0.00766283524904215
0.016602809706258
0.0842911877394636
0.00510855683269476
0.0357598978288633
0.0191570881226054
0.0855683269476373
0.0229885057471264
0.887611749680715
0.325670498084291
0.116219667943806
0.266922094508301
0.0472541507024266
0.053639846743295
0.0395913154533844
0.0893997445721584
0.0510855683269476
0.163473818646232
0.169859514687101
0.21455938697318
0.0255427841634738
0.0651340996168582
0.681992337164751
0.0485312899106003
0.125159642401022
0.0766283524904215
1
0.0638569604086845
0.0906768837803321
0.053639846743295
0.033205619412516
0.0357598978288633
0.0102171136653895
0.00766283524904215
0.00893997445721584
0.033205619412516
0.0102171136653895
0.0217113665389527
0.0383141762452107
0.0229885057471264
0
0.0153256704980843
0.0472541507024266
0.00638569604086846
0.0306513409961686
0.0153256704980843
0.086845466155811
0.0102171136653895
