0.661662817551963
0.435334872979215
0.136258660508083
0.364896073903002
0.0242494226327945
0.0773672055427252
0.0785219399538106
0.189376443418014
0.0715935334872979
0.135103926096998
0.315242494226328
0.221709006928406
0.0184757505773672
0.0508083140877598
0.580831408775981
0.0473441108545035
0.148960739030023
0.128175519630485
0.66743648960739
0.0739030023094688
0.475750577367206
0.28175519630485
0.0866050808314088
0.221709006928406
0.0334872979214781
0.0404157043879908
0.0392609699769053
0.108545034642032
0.0577367205542725
0.0727482678983834
0.200923787528868
0.12933025404157
0.0069284064665127
0.0334872979214781
0.399538106235566
0.0323325635103926
0.0946882217090069
0.0866050808314088
0.446882217090069
0.0531177829099307
0.0958429561200924
0.117782909930716
0.0300230946882217
0.100461893764434
0.0046189376443418
0.0184757505773672
0.0184757505773672
0.0381062355658199
0.0196304849884527
0.023094688221709
0.0681293302540416
0.0531177829099307
0.00577367205542725
0.0138568129330254
0.081986143187067
0.0103926096997691
0.0427251732101617
0.0173210161662818
0.113163972286374
0.0207852193995381
0.304849884526559
0.327944572748268
0.0808314087759815
0.321016166281755
0.0092378752886836
0.0658198614318707
0.0150115473441109
0.0727482678983834
0.0427251732101617
0.0658198614318707
0.155889145496536
0.189376443418014
0.01270207852194
0.0404157043879908
0.270207852193995
0.0242494226327945
0.0889145496535797
0.0762124711316397
0.340646651270208
0.0334872979214781
0.0531177829099307
0.0369515011547344
0.00577367205542725
0.0404157043879908
0.00346420323325635
0.00808314087759815
0.0069284064665127
0.0138568129330254
0.0046189376443418
0.0150115473441109
0.0219399538106236
0.0207852193995381
0.0023094688221709
0.00808314087759815
0.0450346420323326
0.0069284064665127
0.0103926096997691
0.00115473441108545
0.0438799076212471
0.00346420323325635
0.0785219399538106
0.0704387990762125
0.0196304849884527
0.0531177829099307
0.0023094688221709
0.00577367205542725
0.00577367205542725
0.023094688221709
0.0103926096997691
0.0115473441108545
0.0427251732101617
0.0311778290993072
0.00346420323325635
0.0023094688221709
0.0508083140877598
0.0046189376443418
0.0196304849884527
0.0115473441108545
0.058891454965358
0.0069284064665127
0.0681293302540416
0.0496535796766744
0.0219399538106236
0.0196304849884527
0.00346420323325635
0.00577367205542725
0.0138568129330254
0.0300230946882217
0.01270207852194
0.0150115473441109
0.0288683602771363
0.023094688221709
0.00115473441108545
0.0115473441108545
0.0392609699769053
0.0023094688221709
0.0173210161662818
0.0138568129330254
0.0484988452655889
0.0115473441108545
0.172055427251732
0.0842956120092379
0.0311778290993072
0.0715935334872979
0.0242494226327945
0.0323325635103926
0.0392609699769053
0.103926096997691
0.0277136258660508
0.0427251732101617
0.0750577367205543
0.0554272517321016
0.00808314087759815
0.0381062355658199
0.0785219399538106
0.023094688221709
0.046189376443418
0.0404157043879908
0.10161662817552
0.0254041570438799
0.0785219399538106
0.0438799076212471
0.0161662817551963
0.0311778290993072
0.00577367205542725
0.0173210161662818
0.01270207852194
0.0311778290993072
0.0069284064665127
0.0254041570438799
0.0300230946882217
0.0242494226327945
0.00577367205542725
0.0138568129330254
0.0404157043879908
0.0069284064665127
0.0207852193995381
0.01270207852194
0.0450346420323326
0.0103926096997691
0.144341801385681
0.0727482678983834
0.0242494226327945
0.0646651270207852
0.0150115473441109
0.0092378752886836
0.0219399538106236
0.0646651270207852
0.0196304849884527
0.0404157043879908
0.0519630484988453
0.0415704387990762
0.0092378752886836
0.0207852193995381
0.0912240184757506
0.0115473441108545
0.0242494226327945
0.0277136258660508
0.118937644341801
0.0207852193995381
0.299076212471132
0.199769053117783
0.058891454965358
0.14203233256351
0.0207852193995381
0.0392609699769053
0.0311778290993072
0.106235565819861
0.035796766743649
0.0785219399538106
0.130484988452656
0.0981524249422633
0.0069284064665127
0.0196304849884527
0.20554272517321
0.0288683602771363
0.0450346420323326
0.058891454965358
0.215935334872979
0.046189376443418
0.188221709006928
0.196304849884527
0.0450346420323326
0.174364896073903
0.0103926096997691
0.0265588914549654
0.0173210161662818
0.0496535796766744
0.0277136258660508
0.0473441108545035
0.12933025404157
0.120092378752887
0.0092378752886836
0.0092378752886836
0.225173210161663
0.00346420323325635
0.0531177829099307
0.0438799076212471
0.224018475750577
0.0207852193995381
0.0196304849884527
0.0184757505773672
0.0046189376443418
0.0092378752886836
0
0.0023094688221709
0.00115473441108545
0.00577367205542725
0.00115473441108545
0.00346420323325635
0.00808314087759815
0.0103926096997691
0.0023094688221709
0.00115473441108545
0.0150115473441109
0.0023094688221709
0.00577367205542725
0.0046189376443418
0.0173210161662818
0.00346420323325635
0.0750577367205543
0.0346420323325635
0.0207852193995381
0.0254041570438799
0.00346420323325635
0.0046189376443418
0.0161662817551963
0.0207852193995381
0.0092378752886836
0.023094688221709
0.0300230946882217
0.0161662817551963
0.0023094688221709
0.00808314087759815
0.0508083140877598
0.00577367205542725
0.0150115473441109
0.00808314087759815
0.0623556581986143
0.0173210161662818
0.509237875288684
0.37066974595843
0.120092378752887
0.422632794457275
0.0219399538106236
0.069284064665127
0.0311778290993072
0.0889145496535797
0.0392609699769053
0.0773672055427252
0.242494226327945
0.258660508083141
0.0219399538106236
0.0438799076212471
0.41108545034642
0.0346420323325635
0.0969976905311778
0.0831408775981524
0.484988452655889
0.0531177829099307
0.046189376443418
0.0323325635103926
0.0115473441108545
0.0150115473441109
0.00346420323325635
0.00808314087759815
0.00808314087759815
0.0196304849884527
0.0069284064665127
0.0161662817551963
0.0242494226327945
0.0219399538106236
0
0.0092378752886836
0.0381062355658199
0.0069284064665127
0.0092378752886836
0.0115473441108545
0.0300230946882217
0.0092378752886836
0.155889145496536
0.109699769053118
0.0300230946882217
0.0658198614318707
0.0115473441108545
0.01270207852194
0.0265588914549654
0.0265588914549654
0.01270207852194
0.0288683602771363
0.0565819861431871
0.0323325635103926
0.0023094688221709
0.0196304849884527
0.128175519630485
0.01270207852194
0.0369515011547344
0.0173210161662818
0.109699769053118
0.0184757505773672
0.10161662817552
0.0889145496535797
0.0323325635103926
0.0796766743648961
0.00808314087759815
0.0138568129330254
0.0138568129330254
0.0311778290993072
0.0138568129330254
0.0265588914549654
0.0450346420323326
0.0450346420323326
0.00346420323325635
0.0196304849884527
0.0623556581986143
0.0092378752886836
0.0265588914549654
0.0161662817551963
0.0935334872979215
0.0115473441108545
0.842956120092379
0.289838337182448
0.0981524249422633
0.279445727482679
0.0381062355658199
0.0484988452655889
0.0300230946882217
0.0750577367205543
0.0496535796766744
0.131639722863741
0.172055427251732
0.212471131639723
0.0150115473441109
0.0715935334872979
0.632794457274827
0.046189376443418
0.0981524249422633
0.0727482678983834
1
0.0669745958429561
0.0854503464203233
0.0542725173210162
0.0242494226327945
0.0404157043879908
0.00346420323325635
0.0092378752886836
0.0103926096997691
0.0219399538106236
0.0092378752886836
0.0173210161662818
0.0404157043879908
0.0196304849884527
0
0.0138568129330254
0.0404157043879908
0.00808314087759815
0.023094688221709
0.0138568129330254
0.0704387990762125
0.0092378752886836
