544
430
133
322
26
59
72
151
74
125
299
203
15
49
507
36
134
141
624
69
448
256
91
228
21
36
31
98
53
74
175
120
9
27
353
31
100
59
411
41
99
109
29
79
3
14
20
41
11
25
54
43
6
7
92
10
44
29
118
21
289
291
74
291
11
51
21
65
37
58
161
180
11
42
251
17
75
66
310
31
50
29
6
39
6
5
9
14
2
9
17
19
1
6
41
6
10
6
46
4
58
61
25
47
6
7
2
25
7
11
29
28
2
5
43
6
12
9
50
2
51
33
23
18
6
3
12
28
14
12
27
21
2
11
31
4
14
10
39
19
155
67
42
55
12
23
28
70
25
38
55
58
9
21
56
20
46
39
92
28
83
41
15
26
5
13
7
25
7
18
20
22
3
7
37
6
18
13
42
9
126
84
28
71
9
12
12
54
12
39
46
37
6
18
87
15
29
32
102
20
265
182
53
130
18
32
25
91
29
70
111
88
8
25
155
28
45
52
191
36
191
163
34
173
12
23
18
50
21
37
106
122
11
13
169
8
51
46
221
16
19
13
2
11
1
3
1
7
0
5
10
13
1
1
13
0
3
5
18
5
64
41
15
22
7
5
12
16
7
16
27
22
3
10
43
4
16
8
43
8
475
343
108
374
23
54
26
65
35
77
184
211
18
34
384
26
99
81
424
47
38
29
10
17
4
7
9
14
8
19
25
18
2
6
31
4
8
6
24
9
142
99
27
65
11
18
23
27
11
30
49
34
3
15
109
8
26
24
121
23
115
83
33
79
10
14
17
18
13
24
35
48
5
19
54
8
28
13
85
12
747
279
91
252
36
49
26
56
41
134
169
180
14
65
602
44
94
63
924
72
76
39
23
39
7
7
7
24
10
19
38
19
2
9
38
7
17
13
77
10
