520
357
120
282
26
60
71
159
66
118
269
161
10
48
459
39
157
118
543
76
407
195
69
186
24
33
34
85
49
69
157
90
8
26
313
24
104
67
344
45
94
96
27
78
7
15
18
52
18
26
59
36
4
15
81
9
48
29
105
15
229
255
65
257
6
52
19
67
38
55
149
137
7
24
216
13
65
56
274
32
41
36
8
32
7
5
8
15
7
7
15
14
1
3
33
5
12
5
42
4
61
53
20
41
1
7
6
20
11
10
34
22
1
2
44
4
12
13
42
10
54
40
22
19
4
4
21
34
13
13
32
19
3
13
33
4
19
13
44
13
163
72
42
53
15
26
32
86
22
39
72
49
5
33
58
23
49
45
96
34
80
30
18
26
3
13
15
36
4
22
36
21
3
12
33
6
23
11
36
12
118
67
30
56
9
9
20
70
22
38
56
35
7
23
90
8
22
32
98
16
264
168
58
102
15
35
32
103
31
77
126
80
6
23
169
22
49
48
178
40
166
140
42
140
7
19
14
42
20
36
87
92
4
11
153
4
45
44
161
13
16
5
4
7
1
1
1
3
1
2
7
8
1
1
13
1
2
4
12
3
67
29
17
26
4
4
13
16
8
20
27
13
2
7
44
4
22
8
49
12
424
293
108
328
22
55
23
76
31
66
191
190
13
45
356
24
87
72
359
44
31
19
12
14
4
7
8
16
6
14
23
15
0
9
18
4
6
5
22
7
136
104
34
68
16
14
24
25
15
39
53
37
3
14
101
10
33
22
118
22
97
89
36
64
7
13
15
26
17
26
45
38
4
13
57
3
25
14
78
14
645
246
81
212
23
33
32
61
49
133
154
162
12
58
509
28
84
71
733
44
64
49
26
29
8
9
11
22
12
16
36
22
1
12
36
5
31
9
58
9
