579
432
118
345
32
60
65
157
64
127
317
202
15
52
502
38
140
130
586
72
470
255
80
246
24
37
29
81
54
81
195
118
8
32
357
27
104
58
379
52
94
114
24
77
4
18
23
44
12
24
64
47
6
9
81
9
27
24
120
16
269
312
71
336
9
59
21
69
40
66
169
201
14
39
251
21
70
69
322
33
52
42
8
43
8
3
9
13
6
8
23
15
2
3
35
5
7
6
38
4
55
60
21
51
3
8
6
15
8
8
34
28
3
5
40
6
14
11
51
7
53
38
20
13
7
3
16
30
10
17
31
15
3
13
23
6
10
12
47
18
159
64
46
59
21
22
26
72
25
44
75
52
9
16
62
24
43
31
81
28
74
38
13
31
7
9
9
35
5
19
28
18
4
8
35
6
16
9
42
11
134
72
30
74
10
8
13
59
16
41
61
44
5
11
84
17
27
27
110
18
312
174
64
132
17
40
36
90
24
76
131
110
6
23
187
30
53
63
186
33
189
184
43
170
8
29
17
56
24
39
114
117
6
11
189
7
53
52
213
20
16
15
3
8
1
1
2
8
1
5
8
10
1
1
17
2
3
5
15
5
72
36
16
21
11
4
6
15
4
12
23
12
3
9
44
3
17
6
55
9
460
336
102
389
22
52
28
68
27
74
200
252
22
38
368
26
93
67
415
51
38
33
11
24
5
5
9
17
8
16
28
12
1
5
32
3
7
7
26
6
127
100
29
54
10
15
16
22
15
29
54
39
3
13
113
11
35
20
103
25
92
78
25
78
5
19
14
27
16
19
35
51
3
13
68
6
26
12
80
9
736
274
97
261
29
35
30
52
48
141
165
177
12
67
564
41
72
63
852
56
67
46
24
34
6
8
10
30
10
17
32
24
1
11
43
6
24
8
70
13
