0.641221374045801
0.464558342420938
0.151581243184297
0.388222464558342
0.0348964013086151
0.0719738276990185
0.0752453653217012
0.162486368593239
0.0687022900763359
0.122137404580153
0.310796074154853
0.208287895310796
0.0185387131952017
0.0523446019629226
0.539803707742639
0.0425299890948746
0.14721919302072
0.138495092693566
0.682660850599782
0.0719738276990185
0.511450381679389
0.288985823336968
0.0828789531079607
0.25845147219193
0.0250817884405671
0.0338058887677208
0.0294438386041439
0.115594329334787
0.0468920392584515
0.0861504907306434
0.203925845147219
0.128680479825518
0.00763358778625954
0.0348964013086151
0.389312977099237
0.0316248636859324
0.105779716466739
0.0861504907306434
0.428571428571429
0.0436205016357688
0.100327153762268
0.119956379498364
0.0316248636859324
0.0926935659760087
0.0054525627044711
0.0141766630316249
0.0250817884405671
0.0479825517993457
0.0207197382769902
0.0283533260632497
0.0632497273718648
0.0490730643402399
0.00763358778625954
0.0109051254089422
0.0926935659760087
0.0109051254089422
0.0468920392584515
0.0261723009814613
0.133042529989095
0.0185387131952017
0.30752453653217
0.354416575790622
0.0894220283533261
0.336968375136314
0.00981461286804798
0.0534351145038168
0.0152671755725191
0.0588876772082879
0.0490730643402399
0.064340239912759
0.179934569247546
0.212649945474373
0.0141766630316249
0.0370774263904035
0.261723009814613
0.0207197382769902
0.0828789531079607
0.0806979280261723
0.31515812431843
0.0403489640130862
0.0665212649945474
0.0348964013086151
0.00763358778625954
0.0348964013086151
0.0054525627044711
0.00327153762268266
0.0109051254089422
0.0163576881134133
0.0054525627044711
0.0141766630316249
0.0174482006543075
0.0141766630316249
0.00218102508178844
0.00763358778625954
0.044711014176663
0.00654307524536532
0.00981461286804798
0.00654307524536532
0.0436205016357688
0.00327153762268266
0.0654307524536532
0.0610687022900763
0.0239912758996728
0.0534351145038168
0.0054525627044711
0.00872410032715376
0.00654307524536532
0.0109051254089422
0.00872410032715376
0.00981461286804798
0.0250817884405671
0.0359869138495093
0.00327153762268266
0.00436205016357688
0.0501635768811341
0.0054525627044711
0.0185387131952017
0.0109051254089422
0.0556161395856052
0.00436205016357688
0.0490730643402399
0.0425299890948746
0.0239912758996728
0.0130861504907306
0.00981461286804798
0.00327153762268266
0.0163576881134133
0.0359869138495093
0.0119956379498364
0.0207197382769902
0.0327153762268266
0.0163576881134133
0.00436205016357688
0.0109051254089422
0.0294438386041439
0.00436205016357688
0.019629225736096
0.0109051254089422
0.0501635768811341
0.0207197382769902
0.150490730643402
0.0883315158124318
0.0556161395856052
0.0588876772082879
0.00872410032715376
0.0152671755725191
0.0294438386041439
0.0828789531079607
0.019629225736096
0.0468920392584515
0.0610687022900763
0.0534351145038168
0.0054525627044711
0.0261723009814613
0.0687022900763359
0.0163576881134133
0.054525627044711
0.0479825517993457
0.100327153762268
0.0381679389312977
0.0817884405670665
0.0523446019629226
0.0119956379498364
0.0283533260632497
0.00327153762268266
0.0119956379498364
0.0152671755725191
0.0239912758996728
0.00981461286804798
0.019629225736096
0.0338058887677208
0.0207197382769902
0.00436205016357688
0.0109051254089422
0.0370774263904035
0.00763358778625954
0.0174482006543075
0.0130861504907306
0.0370774263904035
0.00981461286804798
0.152671755725191
0.0861504907306434
0.0327153762268266
0.0708833151581243
0.0152671755725191
0.00872410032715376
0.0218102508178844
0.0632497273718648
0.019629225736096
0.0392584514721919
0.0501635768811341
0.0381679389312977
0.0054525627044711
0.0174482006543075
0.0872410032715376
0.0174482006543075
0.0272628135223555
0.0272628135223555
0.114503816793893
0.0229007633587786
0.27917121046892
0.175572519083969
0.0697928026172301
0.157033805888768
0.0163576881134133
0.0261723009814613
0.0272628135223555
0.099236641221374
0.0327153762268266
0.0817884405670665
0.112322791712105
0.0970556161395856
0.00763358778625954
0.0229007633587786
0.183206106870229
0.0218102508178844
0.0567066521264995
0.0523446019629226
0.207197382769902
0.0414394765539804
0.202835332606325
0.21701199563795
0.0479825517993457
0.181025081788441
0.00654307524536532
0.0348964013086151
0.0163576881134133
0.0501635768811341
0.0207197382769902
0.0414394765539804
0.103598691384951
0.115594329334787
0.00872410032715376
0.0130861504907306
0.175572519083969
0.00654307524536532
0.0490730643402399
0.0414394765539804
0.214830970556161
0.0207197382769902
0.0174482006543075
0.0218102508178844
0.0054525627044711
0.0119956379498364
0.00109051254089422
0.00218102508178844
0.00327153762268266
0.00654307524536532
0
0.0054525627044711
0.00654307524536532
0.00981461286804798
0
0
0.0152671755725191
0.00109051254089422
0.00218102508178844
0.00109051254089422
0.0163576881134133
0.00327153762268266
0.083969465648855
0.0392584514721919
0.0185387131952017
0.0218102508178844
0.00872410032715376
0.00763358778625954
0.0141766630316249
0.0119956379498364
0.0054525627044711
0.0239912758996728
0.0261723009814613
0.0239912758996728
0.00109051254089422
0.0141766630316249
0.0359869138495093
0.00109051254089422
0.0141766630316249
0.00763358778625954
0.054525627044711
0.00981461286804798
0.537622682660851
0.355507088331516
0.103598691384951
0.390403489640131
0.0229007633587786
0.0687022900763359
0.0272628135223555
0.0763358778625954
0.0327153762268266
0.0687022900763359
0.193020719738277
0.241003271537623
0.0229007633587786
0.0436205016357688
0.395856052344602
0.0261723009814613
0.104689203925845
0.0719738276990185
0.459105779716467
0.0556161395856052
0.0403489640130862
0.0305343511450382
0.0109051254089422
0.0185387131952017
0.00327153762268266
0.0054525627044711
0.00872410032715376
0.0152671755725191
0.00872410032715376
0.0152671755725191
0.0229007633587786
0.0185387131952017
0.00109051254089422
0.0054525627044711
0.0348964013086151
0.00763358778625954
0.00436205016357688
0.00872410032715376
0.0239912758996728
0.00981461286804798
0.134133042529989
0.0981461286804798
0.0348964013086151
0.0719738276990185
0.0185387131952017
0.0185387131952017
0.0218102508178844
0.0294438386041439
0.0141766630316249
0.0348964013086151
0.0512540894220284
0.0392584514721919
0.00327153762268266
0.0119956379498364
0.122137404580153
0.00981461286804798
0.0294438386041439
0.019629225736096
0.127589967284624
0.0239912758996728
0.104689203925845
0.0817884405670665
0.0272628135223555
0.0883315158124318
0.00872410032715376
0.0185387131952017
0.0229007633587786
0.0250817884405671
0.0152671755725191
0.0272628135223555
0.0479825517993457
0.0458015267175573
0.00218102508178844
0.019629225736096
0.0676117775354417
0.00654307524536532
0.0283533260632497
0.019629225736096
0.0785169029443839
0.0163576881134133
0.804798255179935
0.291166848418757
0.0926935659760087
0.275899672846238
0.0370774263904035
0.0534351145038168
0.0327153762268266
0.0632497273718648
0.0479825517993457
0.146128680479826
0.190839694656489
0.183206106870229
0.0109051254089422
0.0676117775354417
0.630316248636859
0.0458015267175573
0.0828789531079607
0.0687022900763359
1
0.064340239912759
0.0894220283533261
0.0458015267175573
0.0283533260632497
0.0359869138495093
0.00981461286804798
0.00763358778625954
0.00654307524536532
0.0327153762268266
0.0119956379498364
0.0239912758996728
0.0381679389312977
0.0185387131952017
0.00109051254089422
0.0130861504907306
0.0425299890948746
0.0054525627044711
0.0174482006543075
0.0141766630316249
0.0752453653217012
0.0109051254089422
