591
430
121
344
27
61
60
161
70
118
285
201
12
48
497
43
137
126
652
72
458
256
76
238
27
38
25
86
53
74
179
112
5
29
344
31
108
69
398
50
93
118
31
82
3
17
14
40
10
22
57
44
8
10
79
8
36
24
115
17
266
317
71
335
7
55
20
71
34
49
163
176
14
36
253
24
77
73
324
33
60
37
5
35
5
4
7
12
1
10
15
18
1
4
32
4
9
5
35
4
58
50
19
52
3
6
7
22
7
11
24
27
3
4
44
5
11
7
60
4
44
32
15
17
3
4
13
33
11
11
30
18
2
8
28
5
14
10
40
14
165
74
34
58
15
24
30
57
15
36
62
49
5
20
63
21
39
32
87
27
75
33
15
27
6
10
9
25
5
15
25
22
4
8
27
4
18
11
41
7
128
71
24
65
5
7
13
60
18
38
38
38
4
12
82
12
27
25
108
21
264
158
59
131
17
28
26
85
19
59
113
94
10
24
162
23
42
49
195
38
177
181
40
161
11
29
18
49
23
44
107
102
7
9
171
8
52
45
206
16
20
14
1
8
2
2
2
3
0
4
8
7
1
2
17
2
4
6
12
5
62
38
14
19
7
2
9
11
9
13
28
14
3
8
43
4
23
7
45
9
483
323
101
378
16
56
25
63
28
76
179
234
20
35
360
25
104
75
426
50
39
30
13
17
3
7
10
17
6
14
23
19
2
3
37
3
6
4
25
5
132
103
27
63
8
20
20
22
15
35
46
44
2
22
105
11
30
16
128
21
110
80
29
76
9
14
15
17
11
22
33
41
4
17
70
2
18
11
71
14
771
273
114
260
32
38
23
56
45
132
149
177
13
61
607
42
97
65
918
69
78
47
24
38
6
7
6
23
7
15
32
22
1
8
46
6
22
8
79
9
