0.627494456762749
0.421286031042129
0.133037694013304
0.351441241685144
0.0310421286031042
0.0687361419068736
0.0609756097560976
0.167405764966741
0.0809312638580931
0.133037694013304
0.293791574279379
0.195121951219512
0.0177383592017738
0.0587583148558758
0.544345898004435
0.0443458980044346
0.133037694013304
0.125277161862528
0.697339246119734
0.0764966740576497
0.46119733924612
0.273835920177384
0.0842572062084257
0.226164079822616
0.024390243902439
0.0432372505543237
0.0310421286031042
0.0909090909090909
0.0465631929046563
0.082039911308204
0.177383592017738
0.137472283813747
0.00443458980044346
0.0299334811529933
0.356984478935698
0.0277161862527716
0.0964523281596452
0.0776053215077605
0.433481152993348
0.0432372505543237
0.0997782705099778
0.0997782705099778
0.0343680709534368
0.0853658536585366
0.00443458980044346
0.0221729490022173
0.0144124168514412
0.0443458980044346
0.0188470066518847
0.0254988913525499
0.0687361419068736
0.0543237250554324
0.00554323725055432
0.00665188470066519
0.0842572062084257
0.0121951219512195
0.041019955654102
0.0188470066518847
0.130820399113082
0.0121951219512195
0.278270509977827
0.34589800443459
0.0798226164079823
0.348115299334812
0.0110864745011086
0.0643015521064302
0.0177383592017738
0.0687361419068736
0.0432372505543237
0.0598669623059867
0.172949002217295
0.168514412416851
0.00886917960088692
0.0254988913525499
0.261640798226164
0.024390243902439
0.0787139689578714
0.0720620842572062
0.340354767184035
0.0376940133037694
0.0532150776053215
0.0288248337028825
0.00443458980044346
0.0321507760532151
0.00332594235033259
0.00554323725055432
0.0121951219512195
0.0121951219512195
0.00665188470066519
0.0133037694013304
0.0288248337028825
0.0199556541019956
0.00221729490022173
0.00332594235033259
0.0376940133037694
0.00221729490022173
0.00997782705099778
0.00554323725055432
0.0465631929046563
0.00332594235033259
0.057649667405765
0.0665188470066519
0.016629711751663
0.0532150776053215
0.00110864745011086
0.00997782705099778
0.00886917960088692
0.0277161862527716
0.00776053215077605
0.00665188470066519
0.0332594235033259
0.0376940133037694
0.00443458980044346
0.00332594235033259
0.0498891352549889
0.00443458980044346
0.0210643015521064
0.00776053215077605
0.065410199556541
0.00554323725055432
0.0521064301552106
0.0376940133037694
0.016629711751663
0.0133037694013304
0.00554323725055432
0.00221729490022173
0.0188470066518847
0.0354767184035477
0.0121951219512195
0.0133037694013304
0.0388026607538803
0.016629711751663
0.00221729490022173
0.0121951219512195
0.024390243902439
0.00554323725055432
0.0133037694013304
0.00776053215077605
0.041019955654102
0.0188470066518847
0.17960088691796
0.0742793791574279
0.0432372505543237
0.0643015521064302
0.00776053215077605
0.024390243902439
0.0310421286031042
0.0776053215077605
0.0188470066518847
0.0532150776053215
0.0676274944567627
0.0532150776053215
0.00221729490022173
0.0321507760532151
0.0676274944567627
0.0277161862527716
0.0521064301552106
0.0421286031042129
0.0975609756097561
0.0354767184035477
0.0776053215077605
0.0388026607538803
0.0155210643015521
0.0299334811529933
0.00665188470066519
0.0110864745011086
0.0110864745011086
0.0376940133037694
0.00554323725055432
0.0177383592017738
0.0266075388026608
0.0199556541019956
0.00332594235033259
0.0110864745011086
0.0388026607538803
0.00997782705099778
0.0199556541019956
0.00886917960088692
0.0498891352549889
0.00886917960088692
0.136363636363636
0.0787139689578714
0.0266075388026608
0.0731707317073171
0.00776053215077605
0.0133037694013304
0.0155210643015521
0.065410199556541
0.0188470066518847
0.0476718403547672
0.0543237250554324
0.0365853658536585
0.00332594235033259
0.0121951219512195
0.0886917960088692
0.00997782705099778
0.0310421286031042
0.0221729490022173
0.11529933481153
0.0221729490022173
0.261640798226164
0.180709534368071
0.065410199556541
0.131929046563193
0.0177383592017738
0.0399113082039911
0.0288248337028825
0.1019955654102
0.0365853658536585
0.0687361419068736
0.119733924611973
0.10310421286031
0.0121951219512195
0.0199556541019956
0.184035476718404
0.0277161862527716
0.0465631929046563
0.0620842572062084
0.208425720620843
0.0421286031042129
0.20509977827051
0.186252771618625
0.0465631929046563
0.186252771618625
0.00997782705099778
0.0321507760532151
0.0155210643015521
0.0509977827050998
0.0210643015521064
0.0354767184035477
0.106430155210643
0.125277161862528
0.00665188470066519
0.0121951219512195
0.186252771618625
0.00554323725055432
0.0476718403547672
0.0554323725055432
0.233924611973392
0.0221729490022173
0.016629711751663
0.0133037694013304
0.00110864745011086
0.00665188470066519
0.00221729490022173
0
0.00332594235033259
0.00332594235033259
0
0.00221729490022173
0.00776053215077605
0.0110864745011086
0.00110864745011086
0.00110864745011086
0.0155210643015521
0.00221729490022173
0.00554323725055432
0.00443458980044346
0.0121951219512195
0.00443458980044346
0.0643015521064302
0.0343680709534368
0.0121951219512195
0.0221729490022173
0.00554323725055432
0.00554323725055432
0.00776053215077605
0.016629711751663
0.00886917960088692
0.0155210643015521
0.0254988913525499
0.016629711751663
0.00221729490022173
0.00443458980044346
0.0509977827050998
0.00221729490022173
0.00886917960088692
0.00776053215077605
0.0565410199556541
0.00997782705099778
0.516629711751663
0.340354767184035
0.114190687361419
0.402439024390244
0.0254988913525499
0.0543237250554324
0.0310421286031042
0.0776053215077605
0.0266075388026608
0.0631929046563193
0.216186252771619
0.263858093126386
0.0188470066518847
0.0365853658536585
0.373614190687361
0.0277161862527716
0.098669623059867
0.0698447893569845
0.454545454545455
0.0498891352549889
0.0399113082039911
0.0388026607538803
0.0177383592017738
0.0110864745011086
0.00110864745011086
0.00443458980044346
0.0110864745011086
0.0155210643015521
0.0110864745011086
0.0232815964523282
0.0254988913525499
0.0221729490022173
0
0.00554323725055432
0.0343680709534368
0.00443458980044346
0.00332594235033259
0.00886917960088692
0.0221729490022173
0.00776053215077605
0.129711751662971
0.10310421286031
0.0321507760532151
0.0676274944567627
0.0110864745011086
0.0133037694013304
0.0188470066518847
0.0266075388026608
0.0188470066518847
0.0376940133037694
0.0443458980044346
0.0421286031042129
0
0.0121951219512195
0.109756097560976
0.00997782705099778
0.0254988913525499
0.0221729490022173
0.120842572062084
0.0277161862527716
0.10310421286031
0.0776053215077605
0.0266075388026608
0.0787139689578714
0.00776053215077605
0.0155210643015521
0.0133037694013304
0.0266075388026608
0.016629711751663
0.0210643015521064
0.0454545454545455
0.041019955654102
0.00332594235033259
0.0144124168514412
0.065410199556541
0.00776053215077605
0.0188470066518847
0.0133037694013304
0.0842572062084257
0.0133037694013304
0.839246119733925
0.273835920177384
0.0953436807095344
0.29490022172949
0.0421286031042129
0.0532150776053215
0.0310421286031042
0.0753880266075388
0.0399113082039911
0.144124168514412
0.171840354767184
0.207317073170732
0.0155210643015521
0.065410199556541
0.64079822616408
0.0454545454545455
0.0953436807095344
0.0554323725055432
1
0.0620842572062084
0.0798226164079823
0.0498891352549889
0.0199556541019956
0.0365853658536585
0.00443458980044346
0.00886917960088692
0.00554323725055432
0.0310421286031042
0.00997782705099778
0.0155210643015521
0.0376940133037694
0.0221729490022173
0.00221729490022173
0.0110864745011086
0.0532150776053215
0.00665188470066519
0.0299334811529933
0.00886917960088692
0.0676274944567627
0.0121951219512195
