0.673521850899743
0.512853470437018
0.140102827763496
0.368894601542416
0.0308483290488432
0.0732647814910026
0.077120822622108
0.186375321336761
0.0694087403598972
0.145244215938303
0.354755784061697
0.218508997429306
0.0167095115681234
0.0604113110539846
0.589974293059126
0.0398457583547558
0.159383033419023
0.138817480719794
0.709511568123393
0.0912596401028278
0.508997429305913
0.268637532133676
0.0796915167095116
0.258354755784062
0.0218508997429306
0.0437017994858612
0.0424164524421594
0.11439588688946
0.0616966580976864
0.0886889460154242
0.205655526992288
0.1426735218509
0.0077120822622108
0.0295629820051414
0.398457583547558
0.0308483290488432
0.107969151670951
0.0848329048843188
0.470437017994859
0.0591259640102828
0.118251928020566
0.123393316195373
0.0347043701799486
0.0925449871465296
0.006426735218509
0.0141388174807198
0.0231362467866324
0.0462724935732648
0.0167095115681234
0.0347043701799486
0.0694087403598972
0.0539845758354756
0.0051413881748072
0.0141388174807198
0.0938303341902314
0.006426735218509
0.044987146529563
0.0347043701799486
0.118251928020566
0.019280205655527
0.33547557840617
0.349614395886889
0.0796915167095116
0.392030848329049
0.006426735218509
0.057840616966581
0.019280205655527
0.0822622107969152
0.0411311053984576
0.0552699228791774
0.152956298200514
0.188946015424165
0.0141388174807198
0.0334190231362468
0.285347043701799
0.025706940874036
0.0809768637532134
0.0719794344473008
0.359897172236504
0.0372750642673522
0.0694087403598972
0.0398457583547558
0.0115681233933162
0.044987146529563
0.0051413881748072
0.0038560411311054
0.0115681233933162
0.019280205655527
0.0038560411311054
0.0102827763496144
0.0231362467866324
0.0141388174807198
0
0.0051413881748072
0.0372750642673522
0.0025706940874036
0.006426735218509
0.006426735218509
0.0501285347043702
0.0051413881748072
0.0694087403598972
0.0655526992287918
0.0179948586118252
0.0629820051413882
0.0038560411311054
0.0102827763496144
0.0077120822622108
0.0167095115681234
0.0115681233933162
0.0077120822622108
0.0334190231362468
0.025706940874036
0.0025706940874036
0.0051413881748072
0.0552699228791774
0.0038560411311054
0.019280205655527
0.012853470437018
0.057840616966581
0.006426735218509
0.0488431876606684
0.044987146529563
0.0269922879177378
0.0167095115681234
0.0077120822622108
0.0025706940874036
0.0244215938303342
0.0411311053984576
0.0167095115681234
0.0179948586118252
0.0398457583547558
0.025706940874036
0.0051413881748072
0.0167095115681234
0.0372750642673522
0.0038560411311054
0.0218508997429306
0.012853470437018
0.051413881748072
0.0218508997429306
0.188946015424165
0.0784061696658098
0.0552699228791774
0.0629820051413882
0.019280205655527
0.0295629820051414
0.0269922879177378
0.107969151670951
0.0244215938303342
0.0475578406169666
0.083547557840617
0.0655526992287918
0.0051413881748072
0.0269922879177378
0.0655526992287918
0.019280205655527
0.0462724935732648
0.044987146529563
0.107969151670951
0.0347043701799486
0.0874035989717224
0.0347043701799486
0.0167095115681234
0.0295629820051414
0.0025706940874036
0.0141388174807198
0.0167095115681234
0.038560411311054
0.0051413881748072
0.0205655526992288
0.0347043701799486
0.0218508997429306
0.0038560411311054
0.0115681233933162
0.0411311053984576
0.006426735218509
0.019280205655527
0.0154241645244216
0.0501285347043702
0.012853470437018
0.149100257069409
0.0861182519280206
0.0411311053984576
0.0809768637532134
0.012853470437018
0.012853470437018
0.0231362467866324
0.0616966580976864
0.0269922879177378
0.0475578406169666
0.0501285347043702
0.032133676092545
0.0051413881748072
0.0141388174807198
0.105398457583548
0.0115681233933162
0.0308483290488432
0.0359897172236504
0.122107969151671
0.0205655526992288
0.30719794344473
0.177377892030848
0.0822622107969152
0.141388174807198
0.0231362467866324
0.038560411311054
0.0334190231362468
0.110539845758355
0.0269922879177378
0.0732647814910026
0.133676092544987
0.0951156812339332
0.006426735218509
0.0282776349614396
0.204370179948586
0.0179948586118252
0.0462724935732648
0.0655526992287918
0.240359897172236
0.0475578406169666
0.226221079691517
0.215938303341902
0.0437017994858612
0.165809768637532
0.0089974293059126
0.0205655526992288
0.0205655526992288
0.0552699228791774
0.0218508997429306
0.044987146529563
0.124678663239075
0.109254498714653
0.0012853470437018
0.012853470437018
0.186375321336761
0.0115681233933162
0.0552699228791774
0.0655526992287918
0.231362467866324
0.0244215938303342
0.0154241645244216
0.0115681233933162
0.0051413881748072
0.0038560411311054
0.0012853470437018
0
0.0025706940874036
0.0025706940874036
0.0012853470437018
0.0051413881748072
0.006426735218509
0.0089974293059126
0.0012853470437018
0.0025706940874036
0.0167095115681234
0.0025706940874036
0.0025706940874036
0.0051413881748072
0.019280205655527
0.0038560411311054
0.0874035989717224
0.0295629820051414
0.0179948586118252
0.0282776349614396
0.0077120822622108
0.0051413881748072
0.0141388174807198
0.0154241645244216
0.006426735218509
0.019280205655527
0.0347043701799486
0.019280205655527
0.0025706940874036
0.0051413881748072
0.044987146529563
0.0038560411311054
0.0231362467866324
0.0077120822622108
0.0526992287917738
0.0089974293059126
0.546272493573265
0.395886889460154
0.115681233933162
0.412596401028278
0.0244215938303342
0.0694087403598972
0.025706940874036
0.0796915167095116
0.0334190231362468
0.0938303341902314
0.224935732647815
0.272493573264781
0.012853470437018
0.0437017994858612
0.430591259640103
0.0372750642673522
0.0989717223650386
0.0655526992287918
0.510282776349614
0.0526992287917738
0.0372750642673522
0.0295629820051414
0.0141388174807198
0.0218508997429306
0.0038560411311054
0.0038560411311054
0.0115681233933162
0.0115681233933162
0.0089974293059126
0.019280205655527
0.0244215938303342
0.019280205655527
0.0025706940874036
0.006426735218509
0.0244215938303342
0.0051413881748072
0.0038560411311054
0.0038560411311054
0.0282776349614396
0.0025706940874036
0.118251928020566
0.115681233933162
0.0308483290488432
0.0616966580976864
0.012853470437018
0.0231362467866324
0.0295629820051414
0.0308483290488432
0.0167095115681234
0.0424164524421594
0.0501285347043702
0.057840616966581
0.0051413881748072
0.019280205655527
0.124678663239075
0.0089974293059126
0.0411311053984576
0.0205655526992288
0.141388174807198
0.0231362467866324
0.119537275064267
0.101542416452442
0.0308483290488432
0.0822622107969152
0.0115681233933162
0.012853470437018
0.019280205655527
0.025706940874036
0.0244215938303342
0.0295629820051414
0.0488431876606684
0.0488431876606684
0.0038560411311054
0.0154241645244216
0.0604113110539846
0.0038560411311054
0.0308483290488432
0.0154241645244216
0.0912596401028278
0.0154241645244216
0.897172236503856
0.302056555269923
0.109254498714653
0.298200514138817
0.0359897172236504
0.0552699228791774
0.044987146529563
0.0694087403598972
0.051413881748072
0.152956298200514
0.169665809768638
0.200514138817481
0.0167095115681234
0.0694087403598972
0.696658097686375
0.0372750642673522
0.113110539845758
0.0758354755784062
1
0.06426735218509
0.0784061696658098
0.057840616966581
0.025706940874036
0.044987146529563
0.006426735218509
0.0089974293059126
0.0102827763496144
0.0269922879177378
0.0141388174807198
0.0154241645244216
0.0372750642673522
0.0295629820051414
0.0012853470437018
0.0154241645244216
0.0539845758354756
0.0051413881748072
0.0282776349614396
0.012853470437018
0.0758354755784062
0.012853470437018
