0.642694063926941
0.473744292237443
0.134703196347032
0.391552511415525
0.0319634703196347
0.0662100456621005
0.067351598173516
0.187214611872146
0.0650684931506849
0.142694063926941
0.33675799086758
0.224885844748858
0.0194063926940639
0.067351598173516
0.568493150684932
0.0468036529680365
0.165525114155251
0.141552511415525
0.714611872146119
0.0844748858447489
0.513698630136986
0.309360730593607
0.0856164383561644
0.284246575342466
0.0296803652968037
0.04337899543379
0.0365296803652968
0.106164383561644
0.0639269406392694
0.0867579908675799
0.207762557077626
0.136986301369863
0.0091324200913242
0.0296803652968037
0.399543378995434
0.0331050228310502
0.122146118721461
0.0742009132420091
0.424657534246575
0.0627853881278539
0.105022831050228
0.123287671232877
0.0285388127853881
0.0970319634703196
0.00799086757990868
0.0159817351598174
0.0228310502283105
0.0468036529680365
0.0171232876712329
0.0182648401826484
0.0570776255707763
0.0410958904109589
0.00684931506849315
0.0091324200913242
0.0924657534246575
0.0125570776255708
0.045662100456621
0.0285388127853881
0.131278538812785
0.021689497716895
0.311643835616438
0.35958904109589
0.0821917808219178
0.363013698630137
0.0091324200913242
0.0616438356164384
0.0194063926940639
0.0776255707762557
0.0376712328767123
0.0684931506849315
0.159817351598174
0.202054794520548
0.0182648401826484
0.0410958904109589
0.301369863013699
0.0251141552511416
0.0821917808219178
0.0810502283105023
0.355022831050228
0.0410958904109589
0.0707762557077626
0.0376712328767123
0.00799086757990868
0.0342465753424658
0.00228310502283105
0.00342465753424658
0.0045662100456621
0.0125570776255708
0.00684931506849315
0.0114155251141553
0.0262557077625571
0.0171232876712329
0.00342465753424658
0.00342465753424658
0.0410958904109589
0.00342465753424658
0.0125570776255708
0.00570776255707763
0.0490867579908676
0.00228310502283105
0.0525114155251142
0.0536529680365297
0.0194063926940639
0.0559360730593607
0.00342465753424658
0.00570776255707763
0.00570776255707763
0.0285388127853881
0.00799086757990868
0.0136986301369863
0.0353881278538813
0.0319634703196347
0.00342465753424658
0.00570776255707763
0.0513698630136986
0.00684931506849315
0.0148401826484018
0.0045662100456621
0.0605022831050228
0.00570776255707763
0.0536529680365297
0.0353881278538813
0.0182648401826484
0.0228310502283105
0.00570776255707763
0.00570776255707763
0.0125570776255708
0.0376712328767123
0.0114155251141553
0.0136986301369863
0.0285388127853881
0.0182648401826484
0.00342465753424658
0.00570776255707763
0.0296803652968037
0.00684931506849315
0.0159817351598174
0.0125570776255708
0.0422374429223744
0.0228310502283105
0.182648401826484
0.0707762557077626
0.0365296803652968
0.067351598173516
0.0148401826484018
0.0262557077625571
0.0410958904109589
0.0856164383561644
0.023972602739726
0.0502283105022831
0.0730593607305936
0.0525114155251142
0.0091324200913242
0.0262557077625571
0.069634703196347
0.0251141552511416
0.0502283105022831
0.0342465753424658
0.0970319634703196
0.0308219178082192
0.0936073059360731
0.0422374429223744
0.0205479452054795
0.0365296803652968
0.0102739726027397
0.0102739726027397
0.00570776255707763
0.023972602739726
0.00799086757990868
0.0171232876712329
0.0285388127853881
0.0205479452054795
0.00799086757990868
0.0102739726027397
0.0319634703196347
0.00684931506849315
0.0251141552511416
0.0125570776255708
0.0422374429223744
0.00799086757990868
0.151826484018265
0.0833333333333333
0.0296803652968037
0.0776255707762557
0.0045662100456621
0.0091324200913242
0.0159817351598174
0.0639269406392694
0.0182648401826484
0.0445205479452055
0.0605022831050228
0.0445205479452055
0.0045662100456621
0.0125570776255708
0.0844748858447489
0.0159817351598174
0.0342465753424658
0.0273972602739726
0.121004566210046
0.0205479452054795
0.301369863013699
0.188356164383562
0.0684931506849315
0.155251141552511
0.021689497716895
0.0285388127853881
0.0296803652968037
0.0981735159817352
0.0296803652968037
0.0662100456621005
0.114155251141553
0.102739726027397
0.00570776255707763
0.0296803652968037
0.199771689497717
0.0273972602739726
0.0570776255707763
0.0525114155251142
0.213470319634703
0.0388127853881279
0.228310502283105
0.200913242009132
0.04337899543379
0.1837899543379
0.0114155251141553
0.0319634703196347
0.0194063926940639
0.045662100456621
0.021689497716895
0.0410958904109589
0.116438356164384
0.117579908675799
0.0136986301369863
0.00799086757990868
0.20662100456621
0.00799086757990868
0.0650684931506849
0.0399543378995434
0.21689497716895
0.0273972602739726
0.0159817351598174
0.023972602739726
0.00342465753424658
0.0102739726027397
0.00114155251141553
0.00114155251141553
0.00228310502283105
0.00799086757990868
0
0.00684931506849315
0.0102739726027397
0.0114155251141553
0.00114155251141553
0
0.0251141552511416
0.00114155251141553
0.00684931506849315
0.0045662100456621
0.0205479452054795
0.00799086757990868
0.0787671232876712
0.0422374429223744
0.0182648401826484
0.021689497716895
0.0045662100456621
0.00342465753424658
0.00570776255707763
0.0114155251141553
0.0091324200913242
0.0171232876712329
0.0273972602739726
0.021689497716895
0.00228310502283105
0.0102739726027397
0.0468036529680365
0.00342465753424658
0.0182648401826484
0.0102739726027397
0.0525114155251142
0.0125570776255708
0.569634703196347
0.407534246575342
0.115296803652968
0.407534246575342
0.023972602739726
0.0525114155251142
0.0308219178082192
0.0742009132420091
0.0353881278538813
0.0799086757990868
0.214611872146119
0.245433789954338
0.0251141552511416
0.0365296803652968
0.410958904109589
0.0319634703196347
0.10958904109589
0.0810502283105023
0.486301369863014
0.0490867579908676
0.0410958904109589
0.0365296803652968
0.0171232876712329
0.021689497716895
0
0.00684931506849315
0.0114155251141553
0.0194063926940639
0.0102739726027397
0.0205479452054795
0.0296803652968037
0.023972602739726
0.00228310502283105
0.00570776255707763
0.0468036529680365
0.0102739726027397
0.0045662100456621
0.00799086757990868
0.0296803652968037
0.0045662100456621
0.16324200913242
0.124429223744292
0.0342465753424658
0.0593607305936073
0.0114155251141553
0.0182648401826484
0.0228310502283105
0.0273972602739726
0.0205479452054795
0.0376712328767123
0.0582191780821918
0.0582191780821918
0.00342465753424658
0.0262557077625571
0.116438356164384
0.0136986301369863
0.0399543378995434
0.0171232876712329
0.134703196347032
0.0319634703196347
0.115296803652968
0.0810502283105023
0.0296803652968037
0.0787671232876712
0.0136986301369863
0.0171232876712329
0.0148401826484018
0.0194063926940639
0.0182648401826484
0.0182648401826484
0.0376712328767123
0.0525114155251142
0.0045662100456621
0.0182648401826484
0.0707762557077626
0.00570776255707763
0.0262557077625571
0.0148401826484018
0.0776255707762557
0.0136986301369863
0.8162100456621
0.317351598173516
0.116438356164384
0.292237442922374
0.0388127853881279
0.0559360730593607
0.023972602739726
0.0650684931506849
0.045662100456621
0.157534246575342
0.166666666666667
0.205479452054795
0.0159817351598174
0.0605022831050228
0.650684931506849
0.0570776255707763
0.101598173515982
0.0684931506849315
1
0.0742009132420091
0.0856164383561644
0.0593607305936073
0.0262557077625571
0.04337899543379
0.00570776255707763
0.00799086757990868
0.0102739726027397
0.0296803652968037
0.0114155251141553
0.0136986301369863
0.0422374429223744
0.0205479452054795
0.00228310502283105
0.0114155251141553
0.0502283105022831
0.0102739726027397
0.0308219178082192
0.0148401826484018
0.0833333333333333
0.0114155251141553
