539
418
109
300
27
59
57
138
70
108
271
181
14
53
453
33
127
103
561
69
432
227
72
210
20
29
32
72
47
73
164
96
7
21
310
25
89
52
358
40
80
106
21
69
5
9
22
44
12
16
49
38
6
6
75
10
38
28
105
14
238
258
74
271
4
39
17
64
34
45
127
148
9
24
217
16
62
63
269
30
45
28
9
28
2
2
9
13
8
8
15
16
1
2
34
5
14
3
35
5
46
53
14
34
3
6
3
19
5
6
24
31
3
4
26
4
12
14
38
4
50
38
22
10
8
0
11
25
8
16
24
9
1
10
25
5
9
9
39
18
148
67
40
61
15
22
17
79
20
40
56
49
4
17
60
21
42
31
81
33
63
34
13
17
7
5
9
22
6
23
26
16
2
5
35
5
19
8
44
10
127
71
26
60
8
9
9
57
12
38
44
27
5
17
67
11
25
25
81
18
261
148
49
108
12
28
28
92
25
59
94
90
5
22
131
23
47
45
162
28
177
152
38
144
3
24
14
42
12
30
90
84
10
16
164
6
44
35
185
20
14
16
3
8
1
1
1
6
1
2
6
14
0
0
15
1
3
1
15
1
72
26
16
15
8
3
5
14
4
13
22
15
2
8
40
3
18
8
38
6
424
279
84
301
14
43
20
65
24
60
164
212
20
35
333
24
75
70
395
37
40
28
10
17
2
5
6
23
8
15
25
12
0
4
23
6
7
7
16
5
149
87
32
45
12
16
16
24
12
27
47
34
3
12
82
9
25
20
103
20
90
57
32
64
6
13
18
25
13
15
33
41
4
14
51
8
23
11
61
9
646
251
76
225
28
33
36
52
39
126
152
161
13
57
508
40
76
50
799
55
70
43
21
26
6
5
7
28
9
17
27
18
1
9
36
5
26
9
58
7
