559
400
121
329
29
57
65
160
67
122
280
187
12
47
464
37
145
110
609
76
448
234
71
230
21
40
23
78
46
64
175
107
10
27
324
28
96
73
377
39
92
104
24
76
4
17
15
33
10
20
56
44
8
8
77
10
35
26
116
15
256
312
71
307
10
50
17
64
34
55
142
185
12
34
243
20
81
69
301
35
50
30
3
34
4
3
7
14
4
12
16
10
2
3
38
3
9
3
42
5
65
53
17
45
3
9
5
21
10
8
32
26
2
3
43
5
16
11
53
5
50
35
15
15
6
4
10
30
7
11
27
15
2
6
33
6
8
7
41
12
154
64
37
50
15
21
27
68
20
42
64
53
6
21
60
27
45
37
91
29
76
44
14
17
5
11
13
28
6
16
31
17
2
9
31
7
22
11
39
11
125
60
30
71
10
11
12
58
18
38
45
37
5
16
82
13
18
22
97
14
263
162
56
124
11
34
27
93
33
59
114
90
9
25
173
28
51
50
178
31
182
171
38
169
8
28
16
46
23
37
96
102
5
12
182
5
42
48
207
17
12
15
3
9
2
2
2
6
0
4
7
12
0
0
17
1
2
4
14
3
67
34
11
20
5
5
9
15
5
15
25
16
2
10
40
3
16
6
44
9
460
298
90
370
20
47
22
69
33
74
191
232
20
32
353
23
88
72
418
46
31
27
14
21
3
3
6
19
9
14
25
14
1
4
36
7
4
5
24
9
127
93
27
64
10
19
19
21
16
31
45
36
3
18
94
7
25
19
116
22
90
78
25
72
4
14
12
23
11
17
44
50
3
11
66
4
20
14
77
11
718
271
103
250
25
52
27
62
46
130
165
183
10
63
564
37
77
55
867
54
68
41
27
33
6
8
6
23
12
14
32
20
2
8
44
5
17
7
69
12
