544
376
106
296
26
49
52
125
59
99
240
164
16
42
474
39
111
99
553
63
405
226
68
206
21
34
17
71
43
69
153
107
9
23
298
21
89
63
345
46
79
82
18
75
4
12
14
32
11
17
50
40
3
9
66
10
37
22
96
13
240
289
64
278
5
53
17
63
36
42
138
134
7
26
226
19
54
45
287
35
49
30
5
36
4
2
7
10
2
11
11
15
1
2
34
4
9
3
38
3
52
52
17
48
3
11
6
13
9
10
21
31
2
5
29
4
12
7
47
3
38
25
10
17
4
2
9
21
8
10
24
13
2
8
25
4
12
5
34
15
133
67
27
54
10
17
23
64
13
35
54
42
5
24
48
9
35
35
72
27
69
29
12
21
3
10
9
25
4
22
20
10
4
6
28
3
19
11
38
11
106
63
25
57
8
10
13
49
13
29
40
23
4
14
76
8
21
24
88
17
241
149
47
129
11
27
21
73
16
50
95
84
7
20
152
15
39
39
165
38
165
159
39
129
6
24
12
32
16
29
94
84
6
12
154
6
30
42
175
18
16
12
2
6
1
1
2
5
0
3
7
12
1
2
12
2
3
3
17
4
61
29
11
17
6
5
3
11
2
14
21
15
2
7
43
3
16
11
41
7
385
291
92
317
18
48
29
63
33
72
171
213
19
29
325
17
86
53
370
43
33
25
9
13
2
3
6
14
6
13
23
14
0
4
17
1
6
6
15
7
126
92
20
49
9
10
15
21
15
25
39
37
3
13
82
7
26
11
97
20
73
58
25
58
8
13
7
21
15
17
30
37
3
10
56
6
18
13
57
12
672
230
78
224
29
45
19
59
41
107
159
138
17
58
499
35
74
45
792
51
64
44
19
33
7
7
5
22
12
15
32
20
2
12
35
5
24
5
67
13
