556
414
121
333
29
56
62
147
61
109
295
203
17
53
521
35
134
107
619
70
436
245
66
246
25
36
34
103
46
75
165
111
9
30
343
26
95
63
401
45
91
103
26
83
2
13
20
41
14
25
55
48
6
9
79
9
39
23
113
14
283
333
77
344
10
54
17
64
39
60
147
183
12
28
267
25
69
72
318
34
50
35
8
31
6
3
9
19
7
9
21
17
2
7
35
3
11
3
39
3
38
52
14
50
1
8
4
17
9
7
28
32
4
5
39
4
17
10
46
4
51
33
25
14
6
0
18
31
8
15
33
12
2
6
20
6
21
14
39
19
156
69
48
59
13
20
26
71
20
37
62
49
3
21
65
15
37
37
76
30
65
44
8
22
6
10
12
22
7
17
23
27
4
10
30
6
16
9
39
12
124
72
21
73
13
8
15
56
17
38
43
42
1
19
79
10
24
25
94
18
259
162
60
134
13
31
28
72
27
72
106
93
8
26
168
26
43
45
187
31
201
183
41
195
8
26
16
45
18
36
101
115
5
10
176
5
53
36
204
22
16
17
5
4
1
0
3
3
0
3
5
12
2
2
17
2
4
0
13
2
83
27
13
27
10
6
9
12
8
17
21
15
2
11
37
3
16
10
42
8
466
324
95
384
17
47
24
68
27
64
193
245
17
38
366
24
88
75
433
49
31
32
13
17
3
7
6
18
5
12
21
18
1
8
30
6
4
7
22
8
148
104
33
54
15
11
20
20
14
28
44
34
3
11
100
11
28
21
102
22
97
64
28
68
5
11
23
23
17
22
43
42
1
14
56
5
26
13
65
14
727
250
96
265
34
39
21
60
35
131
157
184
12
58
579
45
86
60
895
64
86
52
22
37
10
6
6
23
10
16
31
16
0
12
42
4
16
10
69
9
