0.684810126582278
0.50379746835443
0.149367088607595
0.360759493670886
0.0278481012658228
0.079746835443038
0.0886075949367089
0.189873417721519
0.0924050632911392
0.150632911392405
0.355696202531646
0.226582278481013
0.0189873417721519
0.0544303797468354
0.564556962025316
0.0531645569620253
0.184810126582278
0.167088607594937
0.755696202531646
0.0924050632911392
0.524050632911392
0.30126582278481
0.0810126582278481
0.273417721518987
0.0341772151898734
0.0417721518987342
0.0417721518987342
0.106329113924051
0.0645569620253165
0.0886075949367089
0.19873417721519
0.122784810126582
0.00886075949367089
0.0278481012658228
0.451898734177215
0.0392405063291139
0.117721518987342
0.089873417721519
0.416455696202532
0.0556962025316456
0.113924050632911
0.136708860759494
0.0367088607594937
0.10379746835443
0.00506329113924051
0.0177215189873418
0.0253164556962025
0.0645569620253165
0.0227848101265823
0.0329113924050633
0.069620253164557
0.0531645569620253
0.00632911392405063
0.0189873417721519
0.1
0.0139240506329114
0.0582278481012658
0.0443037974683544
0.135443037974684
0.0177215189873418
0.308860759493671
0.359493670886076
0.0810126582278481
0.383544303797468
0.0113924050632911
0.0544303797468354
0.0265822784810127
0.0835443037974684
0.0417721518987342
0.0620253164556962
0.170886075949367
0.208860759493671
0.0151898734177215
0.0367088607594937
0.274683544303797
0.0265822784810127
0.0822784810126582
0.0835443037974684
0.365822784810127
0.0329113924050633
0.0683544303797468
0.0379746835443038
0.010126582278481
0.0430379746835443
0.00632911392405063
0.00632911392405063
0.00759493670886076
0.020253164556962
0.00886075949367089
0.010126582278481
0.0240506329113924
0.0215189873417722
0.00126582278481013
0.00759493670886076
0.0417721518987342
0.00506329113924051
0.0139240506329114
0.00759493670886076
0.0556962025316456
0.00253164556962025
0.079746835443038
0.0518987341772152
0.0227848101265823
0.0468354430379747
0.00253164556962025
0.00506329113924051
0.00886075949367089
0.0265822784810127
0.010126582278481
0.0139240506329114
0.0367088607594937
0.0291139240506329
0.00253164556962025
0.00253164556962025
0.0556962025316456
0.00506329113924051
0.020253164556962
0.0139240506329114
0.0683544303797468
0.00886075949367089
0.069620253164557
0.0506329113924051
0.0278481012658228
0.0240506329113924
0.00759493670886076
0.00506329113924051
0.0265822784810127
0.0493670886075949
0.0189873417721519
0.0177215189873418
0.030379746835443
0.0240506329113924
0.00379746835443038
0.0126582278481013
0.0354430379746835
0.00506329113924051
0.0278481012658228
0.0164556962025316
0.0556962025316456
0.0227848101265823
0.206329113924051
0.069620253164557
0.0506329113924051
0.0658227848101266
0.0189873417721519
0.0265822784810127
0.0405063291139241
0.0873417721518987
0.0253164556962025
0.0481012658227848
0.0822784810126582
0.0481012658227848
0.00886075949367089
0.0367088607594937
0.0822784810126582
0.0240506329113924
0.0632911392405063
0.0493670886075949
0.124050632911392
0.0379746835443038
0.10126582278481
0.0481012658227848
0.0215189873417722
0.0354430379746835
0.00886075949367089
0.0164556962025316
0.0177215189873418
0.0392405063291139
0.0113924050632911
0.0240506329113924
0.0329113924050633
0.0354430379746835
0.00253164556962025
0.0139240506329114
0.0329113924050633
0.010126582278481
0.0189873417721519
0.0151898734177215
0.0493670886075949
0.00886075949367089
0.162025316455696
0.0860759493670886
0.0367088607594937
0.0784810126582278
0.0126582278481013
0.0113924050632911
0.0240506329113924
0.0772151898734177
0.0253164556962025
0.0493670886075949
0.0518987341772152
0.0405063291139241
0.00632911392405063
0.0215189873417722
0.106329113924051
0.0126582278481013
0.0316455696202532
0.0367088607594937
0.130379746835443
0.0189873417721519
0.340506329113924
0.192405063291139
0.0721518987341772
0.149367088607595
0.0215189873417722
0.0278481012658228
0.0430379746835443
0.0949367088607595
0.0392405063291139
0.0911392405063291
0.126582278481013
0.0873417721518987
0.00886075949367089
0.0329113924050633
0.192405063291139
0.0253164556962025
0.0594936708860759
0.0607594936708861
0.217721518987342
0.0493670886075949
0.205063291139241
0.207594936708861
0.0518987341772152
0.179746835443038
0.0164556962025316
0.0341772151898734
0.020253164556962
0.0594936708860759
0.0240506329113924
0.0468354430379747
0.112658227848101
0.120253164556962
0.00506329113924051
0.00886075949367089
0.19873417721519
0.00886075949367089
0.0556962025316456
0.0582278481012658
0.229113924050633
0.0253164556962025
0.0177215189873418
0.0164556962025316
0.00379746835443038
0.010126582278481
0.00126582278481013
0.00379746835443038
0.00379746835443038
0.00886075949367089
0
0.00379746835443038
0.010126582278481
0.0113924050632911
0.00126582278481013
0.00253164556962025
0.0227848101265823
0.00253164556962025
0.00506329113924051
0.00506329113924051
0.0139240506329114
0.00506329113924051
0.0772151898734177
0.0392405063291139
0.0240506329113924
0.0265822784810127
0.00759493670886076
0.010126582278481
0.0164556962025316
0.020253164556962
0.0126582278481013
0.020253164556962
0.0253164556962025
0.0240506329113924
0.00506329113924051
0.00886075949367089
0.0455696202531646
0.00632911392405063
0.020253164556962
0.00759493670886076
0.0632911392405063
0.0177215189873418
0.579746835443038
0.383544303797468
0.136708860759494
0.446835443037975
0.0291139240506329
0.0670886075949367
0.0354430379746835
0.0759493670886076
0.0405063291139241
0.0784810126582278
0.224050632911392
0.259493670886076
0.0240506329113924
0.0556962025316456
0.444303797468354
0.0329113924050633
0.117721518987342
0.0848101265822785
0.5
0.0481012658227848
0.0417721518987342
0.0341772151898734
0.0265822784810127
0.0227848101265823
0.00253164556962025
0.00632911392405063
0.0151898734177215
0.0189873417721519
0.00759493670886076
0.0189873417721519
0.0253164556962025
0.0227848101265823
0.00126582278481013
0.00253164556962025
0.0455696202531646
0.00126582278481013
0.0113924050632911
0.010126582278481
0.0316455696202532
0.0113924050632911
0.183544303797468
0.115189873417722
0.0430379746835443
0.069620253164557
0.0151898734177215
0.0177215189873418
0.0265822784810127
0.030379746835443
0.0151898734177215
0.0493670886075949
0.0683544303797468
0.0506329113924051
0.00253164556962025
0.0265822784810127
0.126582278481013
0.0177215189873418
0.0417721518987342
0.0253164556962025
0.141772151898734
0.0316455696202532
0.115189873417722
0.112658227848101
0.0468354430379747
0.0924050632911392
0.0113924050632911
0.020253164556962
0.0215189873417722
0.0227848101265823
0.0177215189873418
0.0367088607594937
0.0607594936708861
0.0506329113924051
0.00506329113924051
0.0215189873417722
0.0784810126582278
0.0126582278481013
0.0316455696202532
0.0227848101265823
0.10379746835443
0.0189873417721519
0.858227848101266
0.307594936708861
0.130379746835443
0.264556962025316
0.0367088607594937
0.0544303797468354
0.0329113924050633
0.0886075949367089
0.0569620253164557
0.155696202531646
0.184810126582278
0.211392405063291
0.0189873417721519
0.069620253164557
0.727848101265823
0.0468354430379747
0.105063291139241
0.0987341772151899
1
0.0746835443037975
0.0924050632911392
0.0468354430379747
0.0291139240506329
0.0392405063291139
0.00759493670886076
0.010126582278481
0.00886075949367089
0.0316455696202532
0.00886075949367089
0.0215189873417722
0.0417721518987342
0.0227848101265823
0.00253164556962025
0.0177215189873418
0.0455696202531646
0.010126582278481
0.0354430379746835
0.0113924050632911
0.0949367088607595
0.0151898734177215
