0.68671963677639
0.498297389330306
0.139614074914869
0.396140749148695
0.0317820658342792
0.0749148694665153
0.0692395005675369
0.185017026106697
0.0817253121452894
0.125993189557321
0.337116912599319
0.217934165720772
0.0204313280363224
0.0658342792281498
0.607264472190692
0.0465380249716232
0.164585698070375
0.143019296254257
0.673098751418842
0.0817253121452894
0.524404086265607
0.253121452894438
0.0681044267877412
0.25539160045403
0.0283768444948922
0.0374574347332577
0.0374574347332577
0.0998864926220204
0.05788876276958
0.0817253121452894
0.192962542565267
0.122587968217934
0.00794551645856981
0.0306469920544835
0.389330306469921
0.0340522133938706
0.10783200908059
0.0783200908059024
0.435868331441544
0.0510783200908059
0.112372304199773
0.12372304199773
0.0317820658342792
0.094211123723042
0.00681044267877412
0.0136208853575482
0.0249716231555051
0.0465380249716232
0.0147559591373439
0.021566401816118
0.0669693530079455
0.0385925085130533
0.00454029511918275
0.0102156640181612
0.0930760499432463
0.0136208853575482
0.0351872871736663
0.0317820658342792
0.1316685584563
0.0204313280363224
0.314415437003405
0.325766174801362
0.0805902383654938
0.374574347332577
0.00681044267877412
0.0601589103291714
0.0238365493757094
0.0715096481271283
0.0465380249716232
0.0624290578887628
0.192962542565267
0.187287173666288
0.0136208853575482
0.0419977298524404
0.30533484676504
0.0238365493757094
0.0828603859250851
0.0703745743473326
0.345062429057889
0.0385925085130533
0.0681044267877412
0.0340522133938706
0.00794551645856981
0.0431328036322361
0.00567536889897843
0.00454029511918275
0.00681044267877412
0.0192962542565267
0.00340522133938706
0.0102156640181612
0.0158910329171396
0.018161180476731
0.00113507377979569
0.00454029511918275
0.0408626560726447
0.00681044267877412
0.0124858115777526
0.00681044267877412
0.0488081725312145
0.00454029511918275
0.0658342792281498
0.0635641316685585
0.0238365493757094
0.0601589103291714
0.00113507377979569
0.00794551645856981
0.0102156640181612
0.021566401816118
0.00567536889897843
0.0102156640181612
0.0249716231555051
0.0317820658342792
0.00227014755959137
0.00681044267877412
0.0465380249716232
0.00567536889897843
0.018161180476731
0.00908059023836549
0.0476730987514188
0.00340522133938706
0.0499432463110102
0.0408626560726447
0.0227014755959137
0.0170261066969353
0.00908059023836549
0.00340522133938706
0.018161180476731
0.0306469920544835
0.0124858115777526
0.0192962542565267
0.0351872871736663
0.021566401816118
0.00340522133938706
0.0158910329171396
0.0351872871736663
0.00681044267877412
0.0113507377979569
0.00794551645856981
0.0454029511918275
0.0170261066969353
0.17366628830874
0.0749148694665153
0.039727582292849
0.0737797956867196
0.0204313280363224
0.0227014755959137
0.0261066969353008
0.0817253121452894
0.0238365493757094
0.0431328036322361
0.0794551645856981
0.05788876276958
0.0102156640181612
0.0317820658342792
0.0624290578887628
0.0204313280363224
0.0476730987514188
0.0454029511918275
0.119182746878547
0.0317820658342792
0.0919409761634506
0.0351872871736663
0.0204313280363224
0.0306469920544835
0.00567536889897843
0.0102156640181612
0.00681044267877412
0.0385925085130533
0.00908059023836549
0.0192962542565267
0.0329171396140749
0.0192962542565267
0.00567536889897843
0.00794551645856981
0.0374574347332577
0.00113507377979569
0.0238365493757094
0.0136208853575482
0.0431328036322361
0.0124858115777526
0.141884222474461
0.076049943246311
0.036322360953462
0.0703745743473326
0.0124858115777526
0.00681044267877412
0.018161180476731
0.0692395005675369
0.0192962542565267
0.0465380249716232
0.05788876276958
0.0317820658342792
0.00340522133938706
0.018161180476731
0.0828603859250851
0.0158910329171396
0.0374574347332577
0.0283768444948922
0.102156640181612
0.0204313280363224
0.296254256526674
0.196367763904654
0.0726447219069239
0.154370034052213
0.0204313280363224
0.0317820658342792
0.0351872871736663
0.108967082860386
0.0283768444948922
0.0737797956867196
0.127128263337117
0.103291713961407
0.00567536889897843
0.0261066969353008
0.183881952326901
0.0283768444948922
0.0522133938706016
0.0590238365493757
0.23155505107832
0.0431328036322361
0.227014755959137
0.204313280363224
0.0488081725312145
0.167990919409762
0.00681044267877412
0.0306469920544835
0.018161180476731
0.0510783200908059
0.018161180476731
0.0351872871736663
0.125993189557321
0.128263337116913
0.00681044267877412
0.018161180476731
0.203178206583428
0.00794551645856981
0.0465380249716232
0.0488081725312145
0.206583427922815
0.0283768444948922
0.0170261066969353
0.0192962542565267
0.00454029511918275
0.0136208853575482
0.00113507377979569
0.00340522133938706
0.00227014755959137
0.00681044267877412
0.00113507377979569
0.00454029511918275
0.00908059023836549
0.0113507377979569
0.00113507377979569
0.00227014755959137
0.0227014755959137
0.00113507377979569
0.00227014755959137
0.00227014755959137
0.018161180476731
0.00340522133938706
0.0817253121452894
0.0317820658342792
0.0170261066969353
0.0272417707150965
0.00794551645856981
0.00567536889897843
0.0102156640181612
0.0170261066969353
0.00567536889897843
0.021566401816118
0.0306469920544835
0.0238365493757094
0.00340522133938706
0.00908059023836549
0.0533484676503973
0.00454029511918275
0.0272417707150965
0.00908059023836549
0.0499432463110102
0.0102156640181612
0.547105561861521
0.348467650397276
0.116912599318956
0.418842224744608
0.0272417707150965
0.0590238365493757
0.0261066969353008
0.0692395005675369
0.036322360953462
0.076049943246311
0.230419977298524
0.259931895573212
0.0261066969353008
0.0431328036322361
0.406356413166856
0.0329171396140749
0.0998864926220204
0.0749148694665153
0.474460839954597
0.0556186152099886
0.0419977298524404
0.0295119182746879
0.00908059023836549
0.0227014755959137
0.00227014755959137
0.00681044267877412
0.0102156640181612
0.021566401816118
0.00567536889897843
0.0192962542565267
0.0261066969353008
0.021566401816118
0.00227014755959137
0.00681044267877412
0.0329171396140749
0.00567536889897843
0.00794551645856981
0.00681044267877412
0.0261066969353008
0.00454029511918275
0.144154370034052
0.113507377979569
0.0351872871736663
0.0635641316685585
0.0113507377979569
0.021566401816118
0.0204313280363224
0.0295119182746879
0.0204313280363224
0.0351872871736663
0.0499432463110102
0.0522133938706016
0.00340522133938706
0.0158910329171396
0.116912599318956
0.0102156640181612
0.0385925085130533
0.0204313280363224
0.138479001135074
0.0227014755959137
0.125993189557321
0.0839954597048808
0.0351872871736663
0.0737797956867196
0.0136208853575482
0.0136208853575482
0.0170261066969353
0.0238365493757094
0.018161180476731
0.0272417707150965
0.0419977298524404
0.0522133938706016
0.00681044267877412
0.018161180476731
0.0635641316685585
0.00567536889897843
0.0272417707150965
0.0124858115777526
0.0749148694665153
0.018161180476731
0.861520998864926
0.308740068104427
0.105561861520999
0.279228149829739
0.0329171396140749
0.0465380249716232
0.0351872871736663
0.0669693530079455
0.0454029511918275
0.146424517593644
0.16572077185017
0.204313280363224
0.021566401816118
0.0646992054483541
0.608399545970488
0.036322360953462
0.101021566401816
0.0737797956867196
1
0.0658342792281498
0.0998864926220204
0.0488081725312145
0.0272417707150965
0.0374574347332577
0.00794551645856981
0.00794551645856981
0.00681044267877412
0.0283768444948922
0.0113507377979569
0.0170261066969353
0.0374574347332577
0.0283768444948922
0
0.00908059023836549
0.0454029511918275
0.00340522133938706
0.0249716231555051
0.0124858115777526
0.0794551645856981
0.0124858115777526
