561
400
120
328
26
61
66
152
72
122
260
175
13
40
479
34
122
107
604
72
447
235
73
234
21
33
23
86
45
69
182
110
6
29
319
28
99
77
374
46
89
104
27
84
4
14
16
28
16
23
47
51
7
3
74
8
29
29
89
12
252
315
67
323
7
44
13
54
39
49
168
183
10
35
231
19
75
60
296
34
63
27
4
28
5
3
5
10
4
13
12
15
2
1
44
4
10
3
35
4
49
48
16
50
4
11
6
19
5
6
24
26
0
6
38
4
16
12
44
8
39
32
11
14
4
3
9
19
5
14
29
14
3
7
25
6
8
9
39
13
141
74
38
58
10
18
18
65
13
32
57
45
3
24
58
16
47
32
82
32
74
42
15
18
3
11
9
26
3
21
30
17
4
7
32
8
15
10
44
7
139
69
26
63
9
9
17
57
15
29
47
40
3
21
77
14
21
23
91
15
250
166
54
137
16
32
19
89
26
61
113
90
5
19
149
21
47
44
182
44
178
186
34
154
7
22
13
43
24
42
102
92
8
12
175
7
47
41
185
20
10
15
4
8
2
1
4
4
0
2
5
7
1
0
10
1
2
1
15
3
74
34
13
20
6
3
5
7
5
16
24
19
0
10
36
2
13
12
30
11
426
322
84
342
21
47
23
60
26
70
182
222
14
35
348
25
86
69
414
44
31
25
11
20
4
6
7
16
10
15
19
13
1
4
25
7
4
7
23
6
131
91
27
60
13
14
12
17
17
25
46
34
3
14
94
8
28
10
117
20
96
68
24
74
6
16
9
21
17
20
37
45
3
12
60
2
19
14
66
8
717
251
90
235
27
40
21
61
40
138
149
176
9
52
549
34
79
48
823
50
67
44
21
28
6
6
8
29
14
20
33
19
1
9
41
7
20
11
63
11
