544
403
135
319
29
64
72
159
70
115
303
185
14
51
501
39
148
127
611
80
427
268
76
218
31
38
38
100
47
83
178
113
4
34
357
26
118
85
395
45
95
113
35
82
5
16
24
53
17
21
61
47
6
11
90
12
52
29
118
21
261
279
78
263
7
56
17
63
38
61
153
180
10
37
251
24
70
82
302
45
46
38
3
30
2
5
10
17
6
10
19
19
2
7
37
2
12
6
53
6
53
61
20
43
4
7
5
17
9
8
34
28
4
4
56
5
16
12
60
4
52
48
20
18
5
6
16
35
16
16
38
20
2
13
33
5
20
14
47
17
164
77
48
65
15
24
39
78
25
42
63
56
4
29
72
25
50
42
96
36
75
42
21
28
8
17
11
32
6
19
32
21
5
8
34
7
20
15
46
9
151
78
33
61
10
4
17
65
18
39
46
41
3
20
84
16
32
24
109
25
269
183
65
136
15
28
34
104
29
77
124
88
9
22
181
27
51
57
176
38
176
166
47
171
8
24
16
52
19
44
103
109
7
11
165
7
56
43
203
23
10
11
3
8
2
2
2
2
1
5
7
7
1
1
19
0
4
4
12
4
72
35
18
21
7
5
11
15
11
21
27
19
1
7
44
1
16
11
52
13
471
345
110
370
22
67
27
70
31
69
205
223
15
47
366
21
110
75
420
60
33
32
18
13
2
3
9
20
11
18
23
14
1
4
31
4
2
10
24
8
146
111
37
64
20
18
22
34
20
39
51
48
2
21
118
13
42
18
127
29
100
86
21
83
9
20
22
33
22
23
52
48
4
17
62
5
28
19
77
15
760
269
97
255
30
43
38
71
48
147
154
169
11
50
585
33
109
60
879
60
84
47
28
35
8
6
11
30
12
20
41
18
1
14
46
8
32
15
80
9
