536
391
127
302
25
48
76
158
59
124
283
190
12
47
471
35
135
124
601
73
418
242
72
206
22
29
35
103
45
67
161
112
9
34
331
33
92
74
377
44
102
103
28
72
4
14
20
49
18
25
53
30
5
12
83
9
36
23
122
15
260
278
71
289
9
49
17
62
42
44
141
166
11
21
228
16
74
68
306
28
60
28
7
35
6
5
7
15
6
11
20
16
2
4
31
7
9
6
41
3
60
58
15
50
5
7
4
20
9
9
28
27
2
4
40
5
13
7
39
4
50
37
26
14
7
2
15
30
12
14
28
20
3
9
35
3
21
11
39
18
149
69
42
64
17
24
26
82
20
41
66
58
8
23
62
17
43
41
105
30
73
36
12
27
7
11
11
26
8
19
31
25
4
7
30
2
20
15
41
9
120
70
22
64
8
9
18
55
16
39
46
31
7
12
79
15
29
26
93
21
263
175
54
107
16
34
24
90
31
65
108
80
7
26
159
27
36
55
181
32
179
164
43
141
9
26
18
48
20
32
101
95
8
14
165
7
56
43
188
19
19
13
4
13
0
3
1
6
1
5
8
7
1
0
14
0
5
4
16
6
65
30
16
17
4
7
16
15
8
16
24
14
3
9
42
1
15
6
45
12
439
314
104
350
22
51
21
72
31
65
179
200
20
33
354
27
79
78
401
51
34
22
4
20
4
8
8
21
4
18
25
22
2
4
29
3
5
4
22
7
132
98
31
54
10
16
23
26
15
25
52
36
1
17
102
12
33
20
111
20
96
79
33
72
8
11
18
21
16
27
34
48
5
20
63
6
27
14
86
12
706
269
94
239
38
47
28
68
47
114
155
176
17
56
545
36
89
70
849
58
78
42
23
50
7
9
8
20
6
21
30
24
1
14
36
5
21
9
58
7
