0.623138602520046
0.437571592210767
0.139747995418099
0.369988545246277
0.0252004581901489
0.0641466208476518
0.0721649484536082
0.164948453608247
0.0778923253150057
0.112256586483391
0.31729667812142
0.191294387170676
0.0171821305841924
0.0538373424971363
0.581901489117984
0.0400916380297824
0.166093928980527
0.132875143184422
0.686139747995418
0.0870561282932417
0.490263459335624
0.292096219931271
0.0847651775486827
0.253150057273769
0.0286368843069874
0.0366552119129439
0.0229095074455899
0.105383734249714
0.0504009163802978
0.0813287514318442
0.183276059564719
0.121420389461627
0.00916380297823597
0.0286368843069874
0.3631156930126
0.0343642611683849
0.116838487972509
0.0675830469644903
0.420389461626575
0.0595647193585338
0.0916380297823597
0.107674684994273
0.0378006872852234
0.0950744558991982
0.00572737686139748
0.0183276059564719
0.0229095074455899
0.0538373424971363
0.011454753722795
0.0229095074455899
0.0630011454753723
0.0641466208476518
0.00343642611683849
0.011454753722795
0.0973654066437572
0.00687285223367698
0.0400916380297824
0.0320733104238259
0.116838487972509
0.0160366552119129
0.300114547537228
0.310423825887743
0.0996563573883162
0.339060710194731
0.00572737686139748
0.0710194730813287
0.0229095074455899
0.0687285223367698
0.0446735395189003
0.0607101947308133
0.193585337915235
0.206185567010309
0.011454753722795
0.0481099656357388
0.261168384879725
0.0217640320733104
0.0721649484536082
0.0664375715922108
0.343642611683849
0.0458190148911798
0.0641466208476518
0.0423825887743414
0.00458190148911798
0.0389461626575029
0.00916380297823597
0.00229095074455899
0.00916380297823597
0.0194730813287514
0.00343642611683849
0.00916380297823597
0.0103092783505155
0.0183276059564719
0.0011454753722795
0.00572737686139748
0.0309278350515464
0.00458190148911798
0.013745704467354
0.00572737686139748
0.0435280641466208
0.00572737686139748
0.0572737686139748
0.0641466208476518
0.0183276059564719
0.0538373424971363
0.00229095074455899
0.00801832760595647
0.00458190148911798
0.0240549828178694
0.00916380297823597
0.013745704467354
0.0366552119129439
0.0389461626575029
0.00343642611683849
0.00687285223367698
0.0515463917525773
0.00458190148911798
0.013745704467354
0.013745704467354
0.0561282932416953
0.00343642611683849
0.0618556701030928
0.0355097365406644
0.013745704467354
0.0206185567010309
0.00458190148911798
0.00458190148911798
0.011454753722795
0.0240549828178694
0.0103092783505155
0.0148911798396334
0.0343642611683849
0.0160366552119129
0.00343642611683849
0.0126002290950745
0.0286368843069874
0.00458190148911798
0.0183276059564719
0.00916380297823597
0.0446735395189003
0.0148911798396334
0.169530355097365
0.0790378006872852
0.0423825887743414
0.0572737686139748
0.0194730813287514
0.0240549828178694
0.0229095074455899
0.0733104238258877
0.0274914089347079
0.0435280641466208
0.0664375715922108
0.0515463917525773
0.00687285223367698
0.0252004581901489
0.0893470790378007
0.0229095074455899
0.0538373424971363
0.0309278350515464
0.100801832760596
0.0343642611683849
0.0985108820160367
0.0400916380297824
0.0194730813287514
0.0286368843069874
0.00343642611683849
0.00916380297823597
0.0126002290950745
0.0355097365406644
0.00687285223367698
0.0240549828178694
0.0355097365406644
0.0206185567010309
0.00458190148911798
0.00687285223367698
0.0366552119129439
0.0011454753722795
0.0160366552119129
0.011454753722795
0.0423825887743414
0.00801832760595647
0.140893470790378
0.0859106529209622
0.0229095074455899
0.0652920962199313
0.00916380297823597
0.0103092783505155
0.0183276059564719
0.0698739977090493
0.0183276059564719
0.0343642611683849
0.0469644902634593
0.0423825887743414
0.00458190148911798
0.0126002290950745
0.0916380297823597
0.0160366552119129
0.0229095074455899
0.0263459335624284
0.11454753722795
0.0171821305841924
0.311569301260023
0.18098510882016
0.0733104238258877
0.148911798396334
0.0183276059564719
0.0378006872852234
0.0343642611683849
0.0973654066437572
0.0240549828178694
0.0698739977090493
0.123711340206186
0.105383734249714
0.00801832760595647
0.0263459335624284
0.178694158075601
0.0217640320733104
0.0481099656357388
0.0515463917525773
0.224513172966781
0.0446735395189003
0.191294387170676
0.200458190148912
0.0458190148911798
0.179839633447881
0.0148911798396334
0.0286368843069874
0.0160366552119129
0.0492554410080183
0.0252004581901489
0.0355097365406644
0.123711340206186
0.127147766323024
0.00801832760595647
0.013745704467354
0.191294387170676
0.00916380297823597
0.0526918671248568
0.0492554410080183
0.231386025200458
0.0183276059564719
0.0171821305841924
0.013745704467354
0.00343642611683849
0.00916380297823597
0.00229095074455899
0.00229095074455899
0.0011454753722795
0.00458190148911798
0.0011454753722795
0.00572737686139748
0.00916380297823597
0.0103092783505155
0.0011454753722795
0.0011454753722795
0.0171821305841924
0
0.00458190148911798
0.00572737686139748
0.0160366552119129
0.00458190148911798
0.0813287514318442
0.0446735395189003
0.0148911798396334
0.0183276059564719
0.00916380297823597
0.00687285223367698
0.00458190148911798
0.0103092783505155
0.00801832760595647
0.0217640320733104
0.0309278350515464
0.0206185567010309
0.00343642611683849
0.0126002290950745
0.0435280641466208
0.00458190148911798
0.0171821305841924
0.013745704467354
0.0572737686139748
0.0103092783505155
0.510882016036655
0.359679266895762
0.115693012600229
0.404352806414662
0.0183276059564719
0.0675830469644903
0.0320733104238259
0.0756013745704467
0.0320733104238259
0.0801832760595647
0.207331042382589
0.247422680412371
0.0206185567010309
0.0412371134020619
0.404352806414662
0.0229095074455899
0.121420389461627
0.0962199312714777
0.465063001145475
0.0526918671248568
0.0355097365406644
0.0240549828178694
0.011454753722795
0.0206185567010309
0.00343642611683849
0.00801832760595647
0.00572737686139748
0.0171821305841924
0.00916380297823597
0.0183276059564719
0.0229095074455899
0.0171821305841924
0.00229095074455899
0.00687285223367698
0.0366552119129439
0.00458190148911798
0.00572737686139748
0.00916380297823597
0.0206185567010309
0.00687285223367698
0.143184421534937
0.120274914089347
0.0274914089347079
0.0721649484536082
0.0160366552119129
0.0148911798396334
0.0206185567010309
0.0297823596792669
0.0160366552119129
0.0355097365406644
0.0515463917525773
0.0515463917525773
0.00343642611683849
0.0206185567010309
0.121420389461627
0.011454753722795
0.0343642611683849
0.0126002290950745
0.126002290950745
0.0286368843069874
0.0996563573883162
0.0778923253150057
0.0320733104238259
0.0882016036655212
0.00458190148911798
0.0160366552119129
0.0126002290950745
0.0286368843069874
0.0240549828178694
0.0274914089347079
0.0492554410080183
0.0481099656357388
0.00458190148911798
0.0194730813287514
0.0618556701030928
0.00229095074455899
0.0263459335624284
0.0160366552119129
0.0675830469644903
0.0148911798396334
0.812142038946163
0.29438717067583
0.0985108820160367
0.290950744558992
0.0297823596792669
0.0481099656357388
0.0309278350515464
0.0652920962199313
0.0481099656357388
0.142038946162657
0.184421534936999
0.191294387170676
0.013745704467354
0.0675830469644903
0.648339060710195
0.0469644902634593
0.0927835051546392
0.0664375715922108
1
0.0584192439862543
0.0790378006872852
0.0526918671248568
0.0183276059564719
0.0435280641466208
0.00801832760595647
0.00801832760595647
0.0103092783505155
0.0240549828178694
0.013745704467354
0.0194730813287514
0.0423825887743414
0.0240549828178694
0.0011454753722795
0.013745704467354
0.0481099656357388
0.00572737686139748
0.0286368843069874
0.0103092783505155
0.0790378006872852
0.0148911798396334
