0.686868686868687
0.474747474747475
0.133838383838384
0.373737373737374
0.0328282828282828
0.0618686868686869
0.0656565656565657
0.157828282828283
0.0744949494949495
0.125
0.303030303030303
0.207070707070707
0.0202020202020202
0.053030303030303
0.598484848484849
0.0492424242424242
0.140151515151515
0.125
0.698232323232323
0.0795454545454545
0.511363636363636
0.285353535353535
0.0858585858585859
0.26010101010101
0.0265151515151515
0.0429292929292929
0.0214646464646465
0.0896464646464646
0.0542929292929293
0.0871212121212121
0.193181818181818
0.13510101010101
0.0113636363636364
0.029040404040404
0.376262626262626
0.0265151515151515
0.112373737373737
0.0795454545454545
0.435606060606061
0.0580808080808081
0.0997474747474748
0.103535353535354
0.0227272727272727
0.0946969696969697
0.00505050505050505
0.0151515151515152
0.0176767676767677
0.0404040404040404
0.0138888888888889
0.0214646464646465
0.0631313131313131
0.0505050505050505
0.00378787878787879
0.0113636363636364
0.0833333333333333
0.0126262626262626
0.0467171717171717
0.0277777777777778
0.121212121212121
0.0164141414141414
0.303030303030303
0.36489898989899
0.0808080808080808
0.351010101010101
0.00631313131313131
0.0669191919191919
0.0214646464646465
0.0795454545454545
0.0454545454545455
0.053030303030303
0.174242424242424
0.169191919191919
0.00883838383838384
0.0328282828282828
0.285353535353535
0.023989898989899
0.0681818181818182
0.0568181818181818
0.362373737373737
0.0441919191919192
0.0618686868686869
0.0378787878787879
0.00631313131313131
0.0454545454545455
0.00505050505050505
0.00252525252525253
0.00883838383838384
0.0126262626262626
0.00252525252525253
0.0138888888888889
0.0138888888888889
0.0189393939393939
0.00126262626262626
0.00252525252525253
0.0429292929292929
0.00505050505050505
0.0113636363636364
0.00378787878787879
0.047979797979798
0.00378787878787879
0.0656565656565657
0.0656565656565657
0.0214646464646465
0.0606060606060606
0.00378787878787879
0.0138888888888889
0.00757575757575758
0.0164141414141414
0.0113636363636364
0.0126262626262626
0.0265151515151515
0.0391414141414141
0.00252525252525253
0.00631313131313131
0.0366161616161616
0.00505050505050505
0.0151515151515152
0.00883838383838384
0.0593434343434343
0.00378787878787879
0.047979797979798
0.0315656565656566
0.0126262626262626
0.0214646464646465
0.00505050505050505
0.00252525252525253
0.0113636363636364
0.0265151515151515
0.0101010101010101
0.0126262626262626
0.0303030303030303
0.0164141414141414
0.00252525252525253
0.0101010101010101
0.0315656565656566
0.00505050505050505
0.0151515151515152
0.00631313131313131
0.0429292929292929
0.0189393939393939
0.167929292929293
0.0845959595959596
0.0340909090909091
0.0681818181818182
0.0126262626262626
0.0214646464646465
0.029040404040404
0.0808080808080808
0.0164141414141414
0.0441919191919192
0.0681818181818182
0.053030303030303
0.00631313131313131
0.0303030303030303
0.0606060606060606
0.0113636363636364
0.0441919191919192
0.0441919191919192
0.0909090909090909
0.0340909090909091
0.0871212121212121
0.0366161616161616
0.0151515151515152
0.0265151515151515
0.00378787878787879
0.0126262626262626
0.0113636363636364
0.0315656565656566
0.00505050505050505
0.0277777777777778
0.0252525252525253
0.0126262626262626
0.00505050505050505
0.00757575757575758
0.0353535353535354
0.00378787878787879
0.023989898989899
0.0138888888888889
0.047979797979798
0.0138888888888889
0.133838383838384
0.0795454545454545
0.0315656565656566
0.071969696969697
0.0101010101010101
0.0126262626262626
0.0164141414141414
0.0618686868686869
0.0164141414141414
0.0366161616161616
0.0505050505050505
0.029040404040404
0.00505050505050505
0.0176767676767677
0.095959595959596
0.0101010101010101
0.0265151515151515
0.0303030303030303
0.111111111111111
0.0214646464646465
0.304292929292929
0.188131313131313
0.0593434343434343
0.162878787878788
0.0138888888888889
0.0340909090909091
0.0265151515151515
0.0921717171717172
0.0202020202020202
0.0631313131313131
0.119949494949495
0.106060606060606
0.00883838383838384
0.0252525252525253
0.191919191919192
0.0189393939393939
0.0492424242424242
0.0492424242424242
0.208333333333333
0.047979797979798
0.208333333333333
0.200757575757576
0.0492424242424242
0.162878787878788
0.00757575757575758
0.0303030303030303
0.0151515151515152
0.0404040404040404
0.0202020202020202
0.0366161616161616
0.118686868686869
0.106060606060606
0.00757575757575758
0.0151515151515152
0.194444444444444
0.00757575757575758
0.0378787878787879
0.053030303030303
0.220959595959596
0.0227272727272727
0.0202020202020202
0.0151515151515152
0.00252525252525253
0.00757575757575758
0.00126262626262626
0.00126262626262626
0.00252525252525253
0.00631313131313131
0
0.00378787878787879
0.00883838383838384
0.0151515151515152
0.00126262626262626
0.00252525252525253
0.0151515151515152
0.00252525252525253
0.00378787878787879
0.00378787878787879
0.0214646464646465
0.00505050505050505
0.077020202020202
0.0366161616161616
0.0138888888888889
0.0214646464646465
0.00757575757575758
0.00631313131313131
0.00378787878787879
0.0138888888888889
0.00252525252525253
0.0176767676767677
0.0265151515151515
0.0189393939393939
0.00252525252525253
0.00883838383838384
0.0542929292929293
0.00378787878787879
0.0202020202020202
0.0138888888888889
0.0517676767676768
0.00883838383838384
0.486111111111111
0.367424242424242
0.116161616161616
0.400252525252525
0.0227272727272727
0.0606060606060606
0.0366161616161616
0.0795454545454545
0.0416666666666667
0.0909090909090909
0.215909090909091
0.268939393939394
0.023989898989899
0.0366161616161616
0.410353535353535
0.0214646464646465
0.108585858585859
0.0669191919191919
0.467171717171717
0.0542929292929293
0.0416666666666667
0.0315656565656566
0.0113636363636364
0.0164141414141414
0.00252525252525253
0.00378787878787879
0.00757575757575758
0.0176767676767677
0.00757575757575758
0.0164141414141414
0.029040404040404
0.0176767676767677
0
0.00505050505050505
0.0214646464646465
0.00126262626262626
0.00757575757575758
0.00757575757575758
0.0189393939393939
0.00883838383838384
0.159090909090909
0.116161616161616
0.0252525252525253
0.0618686868686869
0.0113636363636364
0.0126262626262626
0.0189393939393939
0.0265151515151515
0.0189393939393939
0.0315656565656566
0.0492424242424242
0.0467171717171717
0.00378787878787879
0.0164141414141414
0.103535353535354
0.00883838383838384
0.0328282828282828
0.0138888888888889
0.122474747474747
0.0252525252525253
0.0921717171717172
0.0732323232323232
0.0315656565656566
0.0732323232323232
0.0101010101010101
0.0164141414141414
0.00883838383838384
0.0265151515151515
0.0189393939393939
0.0214646464646465
0.0378787878787879
0.0467171717171717
0.00378787878787879
0.0126262626262626
0.0707070707070707
0.00757575757575758
0.0227272727272727
0.0164141414141414
0.071969696969697
0.0151515151515152
0.848484848484849
0.29040404040404
0.0984848484848485
0.282828282828283
0.0366161616161616
0.0568181818181818
0.023989898989899
0.0744949494949495
0.0517676767676768
0.13510101010101
0.200757575757576
0.174242424242424
0.0214646464646465
0.0732323232323232
0.630050505050505
0.0441919191919192
0.0934343434343434
0.0568181818181818
1
0.0643939393939394
0.0808080808080808
0.0555555555555556
0.023989898989899
0.0416666666666667
0.00883838383838384
0.00883838383838384
0.00631313131313131
0.0277777777777778
0.0151515151515152
0.0189393939393939
0.0404040404040404
0.0252525252525253
0.00252525252525253
0.0151515151515152
0.0441919191919192
0.00631313131313131
0.0303030303030303
0.00631313131313131
0.0845959595959596
0.0164141414141414
