0.67529107373868
0.490297542043984
0.15653298835705
0.36869340232859
0.0323415265200517
0.0724450194049159
0.0840879689521345
0.199223803363519
0.091849935316947
0.142302716688228
0.340232858990944
0.192755498059508
0.0155239327296248
0.0620957309184994
0.571798188874515
0.0426908150064683
0.161707632600259
0.144890038809832
0.680465717981889
0.0840879689521345
0.508408796895213
0.304010349288486
0.0840879689521345
0.253557567917206
0.0219922380336352
0.0349288486416559
0.0323415265200517
0.0996119016817594
0.0646830530401035
0.0840879689521345
0.197930142302717
0.124191461836999
0.0116429495472186
0.0284605433376455
0.395860284605433
0.03751617076326
0.115135834411384
0.0827943078913325
0.438551099611902
0.0595084087968952
0.103492884864166
0.121604139715395
0.0297542043984476
0.0866752910737387
0.00646830530401035
0.018111254851229
0.0271668822768435
0.0646830530401035
0.0142302716688228
0.0284605433376455
0.0789133247089263
0.0582147477360931
0.00388098318240621
0.0116429495472186
0.102199223803364
0.0142302716688228
0.0439844760672704
0.0388098318240621
0.137128072445019
0.0168175937904269
0.310478654592497
0.332470892626132
0.0853816300129366
0.341526520051746
0.00776196636481242
0.0465717981888745
0.0297542043984476
0.0866752910737387
0.0388098318240621
0.0633893919793014
0.169469598965071
0.208279430789133
0.0116429495472186
0.0439844760672704
0.272962483829237
0.019404915912031
0.0840879689521345
0.0698576972833118
0.33117723156533
0.0336351875808538
0.0685640362225097
0.0323415265200517
0.00776196636481242
0.0478654592496766
0.00905562742561449
0.00388098318240621
0.0142302716688228
0.019404915912031
0.00905562742561449
0.0142302716688228
0.0206985769728331
0.0168175937904269
0.00258732212160414
0.00388098318240621
0.055627425614489
0.00776196636481242
0.00905562742561449
0.00646830530401035
0.0478654592496766
0.00646830530401035
0.0646830530401035
0.0620957309184994
0.0168175937904269
0.0452781371280724
0.00258732212160414
0.0142302716688228
0.00646830530401035
0.0245795601552393
0.0129366106080207
0.0168175937904269
0.0426908150064683
0.036222509702458
0
0.00776196636481242
0.0401034928848642
0.00905562742561449
0.0129366106080207
0.0168175937904269
0.0478654592496766
0.00517464424320828
0.0698576972833118
0.0543337645536869
0.0271668822768435
0.0168175937904269
0.00905562742561449
0.00258732212160414
0.0232858990944373
0.0323415265200517
0.0155239327296248
0.019404915912031
0.0336351875808538
0.0219922380336352
0.00388098318240621
0.019404915912031
0.0336351875808538
0.00646830530401035
0.0168175937904269
0.0129366106080207
0.0543337645536869
0.019404915912031
0.19404915912031
0.0815006468305304
0.0530401034928849
0.0711513583441138
0.0206985769728331
0.0232858990944373
0.0297542043984476
0.0970245795601552
0.0232858990944373
0.0543337645536869
0.0827943078913325
0.0633893919793014
0.0116429495472186
0.0336351875808538
0.0672703751617076
0.0271668822768435
0.0582147477360931
0.0504527813712807
0.104786545924968
0.0439844760672704
0.0957309184993532
0.0401034928848642
0.019404915912031
0.0336351875808538
0.00905562742561449
0.0155239327296248
0.0168175937904269
0.0349288486416559
0.0116429495472186
0.0271668822768435
0.0336351875808538
0.0258732212160414
0.00388098318240621
0.0129366106080207
0.036222509702458
0.00646830530401035
0.0271668822768435
0.0142302716688228
0.0569210866752911
0.0116429495472186
0.155239327296248
0.0866752910737387
0.0388098318240621
0.0750323415265201
0.0129366106080207
0.0129366106080207
0.0206985769728331
0.0724450194049159
0.0155239327296248
0.0478654592496766
0.0582147477360931
0.0452781371280724
0.00905562742561449
0.018111254851229
0.0996119016817594
0.0155239327296248
0.0271668822768435
0.036222509702458
0.11254851228978
0.0245795601552393
0.336351875808538
0.191461836998706
0.0815006468305304
0.135834411384217
0.019404915912031
0.0336351875808538
0.03751617076326
0.108667529107374
0.0388098318240621
0.0879689521345408
0.138421733505821
0.11254851228978
0.00905562742561449
0.0271668822768435
0.175937904269082
0.0297542043984476
0.0543337645536869
0.0659767141009056
0.212160413971539
0.0452781371280724
0.201811125485123
0.186287192755498
0.0452781371280724
0.178525226390686
0.0116429495472186
0.0323415265200517
0.019404915912031
0.0608020698576973
0.0232858990944373
0.0439844760672704
0.111254851228978
0.122897800776197
0.00905562742561449
0.0206985769728331
0.192755498059508
0.00776196636481242
0.0504527813712807
0.055627425614489
0.230271668822768
0.019404915912031
0.0219922380336352
0.019404915912031
0.00258732212160414
0.0116429495472186
0.00129366106080207
0.00258732212160414
0.00258732212160414
0.00905562742561449
0.00129366106080207
0.00388098318240621
0.0116429495472186
0.0168175937904269
0.00129366106080207
0.00129366106080207
0.019404915912031
0
0.00258732212160414
0.00258732212160414
0.0232858990944373
0.00258732212160414
0.0892626131953428
0.0349288486416559
0.0219922380336352
0.0245795601552393
0.0142302716688228
0.00646830530401035
0.0103492884864166
0.0168175937904269
0.00776196636481242
0.019404915912031
0.0297542043984476
0.018111254851229
0.00517464424320828
0.0103492884864166
0.0608020698576973
0.00646830530401035
0.0258732212160414
0.0103492884864166
0.0504527813712807
0.00905562742561449
0.514877102199224
0.357050452781371
0.125485122897801
0.411384217335058
0.0297542043984476
0.0595084087968952
0.0336351875808538
0.0776196636481242
0.0426908150064683
0.0866752910737387
0.206985769728331
0.25614489003881
0.0245795601552393
0.0401034928848642
0.430789133247089
0.036222509702458
0.104786545924968
0.0789133247089263
0.48771021992238
0.0543337645536869
0.0465717981888745
0.036222509702458
0.0155239327296248
0.0310478654592497
0.00517464424320828
0.00776196636481242
0.00905562742561449
0.018111254851229
0.00646830530401035
0.0245795601552393
0.0323415265200517
0.0168175937904269
0.00129366106080207
0.00517464424320828
0.0258732212160414
0.00646830530401035
0.0116429495472186
0.0103492884864166
0.0219922380336352
0.0103492884864166
0.172056921086675
0.117723156532988
0.0323415265200517
0.073738680465718
0.019404915912031
0.0168175937904269
0.0232858990944373
0.0271668822768435
0.0232858990944373
0.0297542043984476
0.0465717981888745
0.0401034928848642
0.00517464424320828
0.0142302716688228
0.11901681759379
0.0142302716688228
0.0413971539456662
0.0232858990944373
0.128072445019405
0.0310478654592497
0.103492884864166
0.0905562742561449
0.03751617076326
0.0724450194049159
0.00905562742561449
0.0206985769728331
0.018111254851229
0.0310478654592497
0.0232858990944373
0.0271668822768435
0.0530401034928849
0.0620957309184994
0.00388098318240621
0.018111254851229
0.0763260025873221
0.00905562742561449
0.036222509702458
0.0168175937904269
0.0957309184993532
0.0116429495472186
0.822768434670116
0.309184993531695
0.102199223803364
0.276843467011643
0.036222509702458
0.0543337645536869
0.0426908150064683
0.073738680465718
0.0569210866752911
0.141009055627426
0.212160413971539
0.166882276843467
0.0245795601552393
0.0776196636481242
0.654592496765847
0.0413971539456662
0.0840879689521345
0.073738680465718
1
0.0595084087968952
0.0827943078913325
0.0517464424320828
0.0310478654592497
0.0388098318240621
0.00776196636481242
0.00905562742561449
0.0116429495472186
0.03751617076326
0.0116429495472186
0.0245795601552393
0.0426908150064683
0.0206985769728331
0.00129366106080207
0.0168175937904269
0.0336351875808538
0.00517464424320828
0.0349288486416559
0.00905562742561449
0.0776196636481242
0.0129366106080207
