0.642045454545455
0.446590909090909
0.134090909090909
0.378409090909091
0.0272727272727273
0.0738636363636364
0.0761363636363636
0.1625
0.0602272727272727
0.129545454545455
0.322727272727273
0.211363636363636
0.0193181818181818
0.0579545454545455
0.572727272727273
0.0465909090909091
0.175
0.134090909090909
0.670454545454545
0.0738636363636364
0.488636363636364
0.277272727272727
0.0886363636363636
0.245454545454545
0.0272727272727273
0.0363636363636364
0.0340909090909091
0.0965909090909091
0.0545454545454545
0.0818181818181818
0.202272727272727
0.118181818181818
0.0113636363636364
0.0284090909090909
0.382954545454545
0.0363636363636364
0.102272727272727
0.0727272727272727
0.417045454545455
0.0488636363636364
0.0988636363636364
0.118181818181818
0.0318181818181818
0.0977272727272727
0.00568181818181818
0.0159090909090909
0.025
0.0545454545454545
0.0227272727272727
0.0215909090909091
0.0522727272727273
0.0488636363636364
0.00454545454545455
0.0159090909090909
0.0965909090909091
0.0102272727272727
0.0477272727272727
0.025
0.120454545454545
0.0181818181818182
0.313636363636364
0.329545454545455
0.0795454545454545
0.359090909090909
0.00681818181818182
0.0590909090909091
0.0181818181818182
0.0670454545454545
0.0465909090909091
0.0636363636363636
0.175
0.204545454545455
0.0136363636363636
0.0431818181818182
0.263636363636364
0.0193181818181818
0.0829545454545455
0.0738636363636364
0.370454545454545
0.0363636363636364
0.0590909090909091
0.0352272727272727
0.00568181818181818
0.0409090909090909
0.00227272727272727
0.00340909090909091
0.00568181818181818
0.0102272727272727
0.00909090909090909
0.0113636363636364
0.0159090909090909
0.0204545454545455
0.00113636363636364
0.00795454545454545
0.0431818181818182
0.00227272727272727
0.00795454545454545
0.00454545454545455
0.0488636363636364
0.00454545454545455
0.0625
0.0534090909090909
0.025
0.0477272727272727
0.00340909090909091
0.00795454545454545
0.00568181818181818
0.025
0.0113636363636364
0.0136363636363636
0.0352272727272727
0.0284090909090909
0.00227272727272727
0.00568181818181818
0.0534090909090909
0.00454545454545455
0.0136363636363636
0.0125
0.0477272727272727
0.00454545454545455
0.0511363636363636
0.0477272727272727
0.0227272727272727
0.0215909090909091
0.00681818181818182
0.00454545454545455
0.0147727272727273
0.0340909090909091
0.0147727272727273
0.0170454545454545
0.0272727272727273
0.025
0.00454545454545455
0.0102272727272727
0.0386363636363636
0.00568181818181818
0.0227272727272727
0.0113636363636364
0.0511363636363636
0.0136363636363636
0.168181818181818
0.0715909090909091
0.0386363636363636
0.0613636363636364
0.0159090909090909
0.0238636363636364
0.0340909090909091
0.0909090909090909
0.0238636363636364
0.0409090909090909
0.0693181818181818
0.0568181818181818
0.00909090909090909
0.0238636363636364
0.0681818181818182
0.0238636363636364
0.0477272727272727
0.0329545454545455
0.0977272727272727
0.0261363636363636
0.0852272727272727
0.0420454545454545
0.0204545454545455
0.0375
0.00681818181818182
0.0170454545454545
0.0125
0.0204545454545455
0.00909090909090909
0.0227272727272727
0.0375
0.0181818181818182
0.00795454545454545
0.0102272727272727
0.0306818181818182
0.00454545454545455
0.0261363636363636
0.0113636363636364
0.0375
0.0113636363636364
0.145454545454545
0.0727272727272727
0.0363636363636364
0.0738636363636364
0.00909090909090909
0.00795454545454545
0.025
0.0636363636363636
0.0215909090909091
0.0352272727272727
0.0545454545454545
0.0363636363636364
0.00795454545454545
0.0170454545454545
0.0920454545454545
0.0159090909090909
0.0215909090909091
0.0284090909090909
0.107954545454545
0.0193181818181818
0.304545454545455
0.202272727272727
0.0636363636363636
0.152272727272727
0.0204545454545455
0.0352272727272727
0.0306818181818182
0.105681818181818
0.025
0.0647727272727273
0.110227272727273
0.106818181818182
0.00909090909090909
0.0272727272727273
0.175
0.0261363636363636
0.05
0.0602272727272727
0.2125
0.0397727272727273
0.205681818181818
0.182954545454545
0.0477272727272727
0.178409090909091
0.0102272727272727
0.0261363636363636
0.0170454545454545
0.0465909090909091
0.025
0.0443181818181818
0.115909090909091
0.120454545454545
0.0102272727272727
0.0113636363636364
0.210227272727273
0.00909090909090909
0.0534090909090909
0.0420454545454545
0.223863636363636
0.0227272727272727
0.0204545454545455
0.0181818181818182
0.00454545454545455
0.0125
0
0.00340909090909091
0.00227272727272727
0.00909090909090909
0.00113636363636364
0.00568181818181818
0.0102272727272727
0.0125
0
0.00113636363636364
0.0181818181818182
0
0.00568181818181818
0.00681818181818182
0.0159090909090909
0.00681818181818182
0.0647727272727273
0.0375
0.0204545454545455
0.0272727272727273
0.00454545454545455
0.00113636363636364
0.0125
0.0159090909090909
0.00795454545454545
0.0215909090909091
0.0329545454545455
0.0215909090909091
0.00227272727272727
0.0125
0.0522727272727273
0.00340909090909091
0.0125
0.0102272727272727
0.0477272727272727
0.0147727272727273
0.495454545454545
0.353409090909091
0.118181818181818
0.403409090909091
0.0238636363636364
0.0590909090909091
0.0284090909090909
0.0727272727272727
0.0409090909090909
0.0704545454545455
0.227272727272727
0.245454545454545
0.0238636363636364
0.0363636363636364
0.435227272727273
0.0318181818181818
0.107954545454545
0.0909090909090909
0.478409090909091
0.0556818181818182
0.0329545454545455
0.0306818181818182
0.0125
0.0238636363636364
0.00113636363636364
0.00681818181818182
0.0102272727272727
0.0181818181818182
0.0102272727272727
0.0181818181818182
0.0261363636363636
0.0227272727272727
0.00227272727272727
0.00681818181818182
0.0386363636363636
0.00795454545454545
0.00681818181818182
0.00909090909090909
0.0329545454545455
0.00681818181818182
0.163636363636364
0.0920454545454545
0.0352272727272727
0.0659090909090909
0.0159090909090909
0.0193181818181818
0.0272727272727273
0.0261363636363636
0.0125
0.0363636363636364
0.0511363636363636
0.0363636363636364
0.00227272727272727
0.0215909090909091
0.122727272727273
0.0125
0.0409090909090909
0.0193181818181818
0.134090909090909
0.0227272727272727
0.105681818181818
0.0977272727272727
0.0295454545454545
0.0818181818181818
0.0102272727272727
0.0125
0.0193181818181818
0.0204545454545455
0.0170454545454545
0.0193181818181818
0.0420454545454545
0.0590909090909091
0.00454545454545455
0.0170454545454545
0.0613636363636364
0.00568181818181818
0.0318181818181818
0.0113636363636364
0.0875
0.0113636363636364
0.851136363636364
0.310227272727273
0.104545454545455
0.289772727272727
0.0329545454545455
0.0443181818181818
0.0340909090909091
0.0590909090909091
0.0454545454545455
0.156818181818182
0.171590909090909
0.1875
0.0170454545454545
0.0590909090909091
0.6125
0.05
0.0886363636363636
0.0806818181818182
1
0.0625
0.0772727272727273
0.0465909090909091
0.0181818181818182
0.0352272727272727
0.00568181818181818
0.00909090909090909
0.0125
0.0261363636363636
0.0102272727272727
0.0193181818181818
0.0431818181818182
0.025
0.00227272727272727
0.0102272727272727
0.0340909090909091
0.00909090909090909
0.0227272727272727
0.0136363636363636
0.0795454545454545
0.00681818181818182
