0.594372801875733
0.451348182883939
0.134818288393904
0.36694021101993
0.0257913247362251
0.0656506447831184
0.0656506447831184
0.181711606096131
0.0797186400937866
0.145369284876905
0.325908558030481
0.209847596717468
0.0152403282532239
0.0668229777256741
0.576787807737397
0.0386869871043376
0.166471277842907
0.148886283704572
0.66588511137163
0.0832356389214537
0.47010550996483
0.289566236811254
0.0879249706916764
0.257913247362251
0.0199296600234467
0.0375146541617819
0.0398593200468933
0.107854630715123
0.0586166471277843
0.0855803048065651
0.198124267291911
0.120750293083236
0.0082063305978898
0.0281359906213365
0.376318874560375
0.0363423212192263
0.114888628370457
0.0703399765533411
0.436107854630715
0.0515826494724502
0.100820633059789
0.123094958968347
0.0316529894490035
0.0832356389214537
0.00351699882766706
0.0105509964830012
0.0246189917936694
0.0550996483001172
0.0152403282532239
0.0257913247362251
0.0621336459554514
0.0445486518171161
0.0082063305978898
0.0105509964830012
0.0949589683470106
0.0140679953106682
0.0492379835873388
0.0328253223915592
0.134818288393904
0.018757327080891
0.301289566236811
0.316529894490035
0.0844079718640094
0.356389214536929
0.00234466588511137
0.05978898007034
0.0234466588511137
0.0738569753810082
0.0328253223915592
0.0656506447831184
0.151230949589683
0.218053927315358
0.0128956623681125
0.0433763188745604
0.288393903868699
0.0175849941383353
0.0762016412661196
0.0703399765533411
0.351699882766706
0.0422039859320047
0.063305978898007
0.0339976553341149
0.0082063305978898
0.0351699882766706
0.00937866354044549
0.00468933177022274
0.00937866354044549
0.018757327080891
0.00703399765533412
0.0082063305978898
0.0211019929660023
0.0175849941383353
0
0.00586166471277843
0.0316529894490035
0.00703399765533412
0.0175849941383353
0.00586166471277843
0.041031652989449
0.00234466588511137
0.0550996483001172
0.05978898007034
0.0164126611957796
0.0586166471277843
0.00234466588511137
0.00703399765533412
0.00468933177022274
0.0211019929660023
0.0128956623681125
0.00937866354044549
0.0304806565064478
0.0363423212192263
0.00351699882766706
0.00351699882766706
0.0492379835873388
0.00234466588511137
0.0117233294255569
0.0128956623681125
0.0562719812426729
0.00468933177022274
0.0644783118405627
0.0480656506447831
0.0257913247362251
0.0152403282532239
0.00703399765533412
0.00468933177022274
0.0164126611957796
0.0363423212192263
0.0128956623681125
0.0164126611957796
0.0328253223915592
0.018757327080891
0.00117233294255569
0.0105509964830012
0.0363423212192263
0.00468933177022274
0.018757327080891
0.0164126611957796
0.0433763188745604
0.022274325908558
0.212192262602579
0.0762016412661196
0.0445486518171161
0.0656506447831184
0.022274325908558
0.0257913247362251
0.0316529894490035
0.0937866354044549
0.0316529894490035
0.0515826494724502
0.063305978898007
0.0445486518171161
0.00703399765533412
0.0269636576787808
0.0797186400937866
0.0281359906213365
0.0515826494724502
0.0351699882766706
0.0996483001172333
0.0351699882766706
0.0797186400937866
0.0351699882766706
0.0234466588511137
0.0386869871043376
0.00703399765533412
0.00937866354044549
0.00937866354044549
0.0328253223915592
0.00937866354044549
0.022274325908558
0.0328253223915592
0.0269636576787808
0.00468933177022274
0.0117233294255569
0.0304806565064478
0.00468933177022274
0.018757327080891
0.0117233294255569
0.0468933177022274
0.0117233294255569
0.146541617819461
0.0879249706916764
0.0257913247362251
0.0668229777256741
0.00937866354044549
0.00937866354044549
0.0175849941383353
0.0773739742086753
0.0199296600234467
0.0468933177022274
0.063305978898007
0.0457209847596717
0.00703399765533412
0.0117233294255569
0.0914419695193435
0.0175849941383353
0.0339976553341149
0.0375146541617819
0.1031652989449
0.0257913247362251
0.309495896834701
0.181711606096131
0.0715123094958968
0.154747948417351
0.0175849941383353
0.0293083235638921
0.0480656506447831
0.100820633059789
0.0304806565064478
0.0715123094958968
0.116060961313013
0.0996483001172333
0.00351699882766706
0.0234466588511137
0.168815943728019
0.0246189917936694
0.0492379835873388
0.0574443141852286
0.209847596717468
0.041031652989449
0.212192262602579
0.188745603751465
0.041031652989449
0.174677608440797
0.0128956623681125
0.0316529894490035
0.0175849941383353
0.0562719812426729
0.0175849941383353
0.0386869871043376
0.120750293083236
0.117233294255569
0.0105509964830012
0.0152403282532239
0.211019929660023
0.0082063305978898
0.0574443141852286
0.0492379835873388
0.228604923798359
0.0269636576787808
0.0175849941383353
0.0175849941383353
0.00234466588511137
0.0082063305978898
0.00117233294255569
0.00234466588511137
0.00117233294255569
0.00468933177022274
0.00117233294255569
0.00468933177022274
0.00703399765533412
0.0117233294255569
0.00117233294255569
0.00117233294255569
0.0199296600234467
0
0.00351699882766706
0.00234466588511137
0.0164126611957796
0.00351699882766706
0.0750293083235639
0.0339976553341149
0.0199296600234467
0.0269636576787808
0.0105509964830012
0.00468933177022274
0.0082063305978898
0.0117233294255569
0.0105509964830012
0.018757327080891
0.0281359906213365
0.022274325908558
0.00234466588511137
0.0117233294255569
0.0445486518171161
0.00586166471277843
0.022274325908558
0.0117233294255569
0.0504103165298945
0.0105509964830012
0.539273153575615
0.378663540445487
0.117233294255569
0.398593200468933
0.022274325908558
0.0550996483001172
0.0316529894490035
0.0726846424384525
0.0293083235638921
0.0855803048065651
0.215709261430246
0.252051582649472
0.0199296600234467
0.0422039859320047
0.424384525205158
0.0211019929660023
0.107854630715123
0.0844079718640094
0.474794841735053
0.0492379835873388
0.0375146541617819
0.0316529894490035
0.0152403282532239
0.018757327080891
0.00234466588511137
0.0105509964830012
0.0105509964830012
0.0175849941383353
0.00468933177022274
0.0140679953106682
0.0281359906213365
0.0199296600234467
0.00234466588511137
0.0082063305978898
0.0363423212192263
0.00586166471277843
0.00937866354044549
0.0105509964830012
0.0281359906213365
0.00351699882766706
0.17116060961313
0.114888628370457
0.0363423212192263
0.0574443141852286
0.0164126611957796
0.018757327080891
0.0257913247362251
0.0363423212192263
0.018757327080891
0.0316529894490035
0.0550996483001172
0.0492379835873388
0.00117233294255569
0.018757327080891
0.118405627198124
0.0140679953106682
0.0328253223915592
0.0199296600234467
0.123094958968347
0.0293083235638921
0.109026963657679
0.0914419695193435
0.0363423212192263
0.0832356389214537
0.0152403282532239
0.0175849941383353
0.0199296600234467
0.0328253223915592
0.018757327080891
0.0293083235638921
0.0386869871043376
0.0527549824150059
0.00468933177022274
0.0175849941383353
0.0656506447831184
0.00703399765533412
0.0316529894490035
0.018757327080891
0.0715123094958968
0.0164126611957796
0.788980070339977
0.2989449003517
0.100820633059789
0.286049237983587
0.0281359906213365
0.0492379835873388
0.0328253223915592
0.0656506447831184
0.0468933177022274
0.155920281359906
0.17936694021102
0.208675263774912
0.0164126611957796
0.063305978898007
0.636576787807737
0.0515826494724502
0.0984759671746776
0.0715123094958968
1
0.0679953106682298
0.0855803048065651
0.0480656506447831
0.0269636576787808
0.041031652989449
0.00586166471277843
0.00703399765533412
0.0140679953106682
0.0304806565064478
0.00937866354044549
0.0175849941383353
0.0398593200468933
0.0234466588511137
0
0.00937866354044549
0.0492379835873388
0.00586166471277843
0.0246189917936694
0.0128956623681125
0.0926143024618992
0.00937866354044549
