0.615776081424936
0.479643765903308
0.152671755725191
0.413486005089059
0.0356234096692112
0.0597964376590331
0.0801526717557252
0.17175572519084
0.0852417302798982
0.150127226463104
0.347328244274809
0.197201017811705
0.0203562340966921
0.0521628498727735
0.577608142493639
0.039440203562341
0.16412213740458
0.145038167938931
0.711195928753181
0.0763358778625954
0.505089058524173
0.256997455470738
0.0737913486005089
0.267175572519084
0.0318066157760814
0.0407124681933842
0.0419847328244275
0.10559796437659
0.0483460559796438
0.0776081424936387
0.195928753180662
0.114503816793893
0.0101781170483461
0.0419847328244275
0.410941475826972
0.0356234096692112
0.10941475826972
0.0801526717557252
0.413486005089059
0.0521628498727735
0.100508905852417
0.106870229007634
0.0368956743002544
0.089058524173028
0.00381679389312977
0.0139949109414758
0.0229007633587786
0.0534351145038168
0.0229007633587786
0.0292620865139949
0.0750636132315522
0.049618320610687
0.00763358778625954
0.0127226463104326
0.0903307888040712
0.0114503816793893
0.0572519083969466
0.0356234096692112
0.131043256997455
0.0139949109414758
0.323155216284987
0.362595419847328
0.0763358778625954
0.38295165394402
0.00763358778625954
0.0547073791348601
0.0203562340966921
0.0763358778625954
0.0508905852417303
0.0750636132315522
0.187022900763359
0.203562340966921
0.0114503816793893
0.0267175572519084
0.265903307888041
0.0241730279898219
0.0788804071246819
0.0712468193384224
0.346055979643766
0.0305343511450382
0.0585241730279898
0.0368956743002544
0.00763358778625954
0.0356234096692112
0.00254452926208651
0.00508905852417303
0.0101781170483461
0.0165394402035623
0.00763358778625954
0.0089058524173028
0.0254452926208651
0.0241730279898219
0.00381679389312977
0.00636132315521628
0.0483460559796438
0.00636132315521628
0.0101781170483461
0.00508905852417303
0.049618320610687
0.00127226463104326
0.0483460559796438
0.0572519083969466
0.0165394402035623
0.049618320610687
0.00508905852417303
0.0089058524173028
0.00763358778625954
0.0241730279898219
0.00763358778625954
0.0114503816793893
0.0407124681933842
0.0292620865139949
0.00254452926208651
0.00381679389312977
0.039440203562341
0.00508905852417303
0.0127226463104326
0.0127226463104326
0.0559796437659033
0.00636132315521628
0.0610687022900763
0.044529262086514
0.0267175572519084
0.0101781170483461
0.00763358778625954
0.00254452926208651
0.0190839694656489
0.044529262086514
0.0152671755725191
0.0216284987277354
0.0318066157760814
0.0139949109414758
0.00254452926208651
0.0114503816793893
0.0305343511450382
0.00636132315521628
0.0216284987277354
0.0139949109414758
0.0534351145038168
0.0165394402035623
0.187022900763359
0.0776081424936387
0.0572519083969466
0.0712468193384224
0.0101781170483461
0.0165394402035623
0.0305343511450382
0.100508905852417
0.0178117048346056
0.0521628498727735
0.0750636132315522
0.0559796437659033
0.00763358778625954
0.0318066157760814
0.0737913486005089
0.0216284987277354
0.0470737913486005
0.0458015267175573
0.099236641221374
0.0330788804071247
0.0826972010178117
0.0407124681933842
0.0190839694656489
0.039440203562341
0.0101781170483461
0.0127226463104326
0.0114503816793893
0.0216284987277354
0.0089058524173028
0.0279898218829517
0.0279898218829517
0.0241730279898219
0.00508905852417303
0.0127226463104326
0.0432569974554707
0.0114503816793893
0.0114503816793893
0.0101781170483461
0.0559796437659033
0.00381679389312977
0.147582697201018
0.0928753180661578
0.0305343511450382
0.0788804071246819
0.0101781170483461
0.0114503816793893
0.0229007633587786
0.0725190839694656
0.0165394402035623
0.0432569974554707
0.0597964376590331
0.039440203562341
0.00636132315521628
0.0216284987277354
0.100508905852417
0.0114503816793893
0.0267175572519084
0.0318066157760814
0.134860050890585
0.0267175572519084
0.321882951653944
0.209923664122137
0.0814249363867685
0.157760814249364
0.0089058524173028
0.0356234096692112
0.0305343511450382
0.104325699745547
0.0407124681933842
0.0814249363867685
0.124681933842239
0.0979643765903308
0.00508905852417303
0.0279898218829517
0.178117048346056
0.0216284987277354
0.0547073791348601
0.049618320610687
0.193384223918575
0.0318066157760814
0.236641221374046
0.189567430025445
0.044529262086514
0.169211195928753
0.0089058524173028
0.0381679389312977
0.0165394402035623
0.0343511450381679
0.0203562340966921
0.0318066157760814
0.106870229007634
0.110687022900763
0.0101781170483461
0.0139949109414758
0.16793893129771
0.00381679389312977
0.049618320610687
0.0407124681933842
0.212468193384224
0.0165394402035623
0.0267175572519084
0.0216284987277354
0.00508905852417303
0.0101781170483461
0.00127226463104326
0.00254452926208651
0.00254452926208651
0.0089058524173028
0
0.00381679389312977
0.00763358778625954
0.0114503816793893
0.00127226463104326
0.00127226463104326
0.0165394402035623
0
0.00381679389312977
0.00127226463104326
0.0216284987277354
0.00508905852417303
0.0801526717557252
0.0356234096692112
0.0178117048346056
0.0330788804071247
0.00763358778625954
0.00381679389312977
0.0152671755725191
0.0165394402035623
0.00763358778625954
0.0305343511450382
0.0267175572519084
0.0101781170483461
0.00254452926208651
0.0089058524173028
0.0534351145038168
0.00508905852417303
0.0114503816793893
0.0101781170483461
0.0521628498727735
0.0101781170483461
0.55470737913486
0.365139949109415
0.10941475826972
0.424936386768448
0.0305343511450382
0.0636132315521628
0.0267175572519084
0.0788804071246819
0.0318066157760814
0.0877862595419847
0.209923664122137
0.221374045801527
0.0279898218829517
0.0458015267175573
0.459287531806616
0.0368956743002544
0.0966921119592875
0.089058524173028
0.468193384223919
0.0483460559796438
0.0368956743002544
0.0279898218829517
0.0203562340966921
0.0229007633587786
0.00254452926208651
0.0089058524173028
0.0089058524173028
0.0165394402035623
0.00763358778625954
0.0216284987277354
0.0229007633587786
0.0254452926208651
0
0.00636132315521628
0.0318066157760814
0.0127226463104326
0.00763358778625954
0.00508905852417303
0.0305343511450382
0.00763358778625954
0.170483460559796
0.099236641221374
0.0368956743002544
0.0661577608142494
0.0139949109414758
0.0114503816793893
0.0203562340966921
0.0267175572519084
0.0190839694656489
0.0381679389312977
0.0470737913486005
0.0407124681933842
0.00254452926208651
0.0114503816793893
0.120865139949109
0.0139949109414758
0.0368956743002544
0.0254452926208651
0.115776081424936
0.0305343511450382
0.119592875318066
0.0903307888040712
0.0254452926208651
0.0687022900763359
0.00763358778625954
0.0127226463104326
0.0241730279898219
0.0279898218829517
0.0229007633587786
0.0318066157760814
0.0534351145038168
0.0470737913486005
0.00508905852417303
0.0165394402035623
0.0699745547073791
0.00763358778625954
0.0381679389312977
0.0190839694656489
0.0814249363867685
0.0139949109414758
0.849872773536896
0.293893129770992
0.100508905852417
0.259541984732824
0.039440203562341
0.0407124681933842
0.0330788804071247
0.0699745547073791
0.0432569974554707
0.145038167938931
0.153944020356234
0.195928753180662
0.0203562340966921
0.0737913486005089
0.661577608142494
0.044529262086514
0.0916030534351145
0.089058524173028
1
0.0636132315521628
0.0776081424936387
0.0381679389312977
0.0292620865139949
0.0305343511450382
0.0089058524173028
0.00508905852417303
0.0101781170483461
0.0407124681933842
0.00636132315521628
0.0165394402035623
0.0419847328244275
0.0152671755725191
0.00127226463104326
0.0127226463104326
0.044529262086514
0.00636132315521628
0.0241730279898219
0.00763358778625954
0.0699745547073791
0.00763358778625954
