0.733734939759036
0.51566265060241
0.143373493975904
0.413253012048193
0.0397590361445783
0.072289156626506
0.0698795180722892
0.18433734939759
0.0819277108433735
0.134939759036145
0.355421686746988
0.231325301204819
0.0216867469879518
0.0686746987951807
0.626506024096386
0.0518072289156627
0.15421686746988
0.156626506024096
0.724096385542169
0.0746987951807229
0.544578313253012
0.312048192771084
0.102409638554217
0.285542168674699
0.0409638554216867
0.0493975903614458
0.0337349397590361
0.113253012048193
0.0614457831325301
0.0927710843373494
0.23855421686747
0.142168674698795
0.0072289156626506
0.0337349397590361
0.434939759036145
0.036144578313253
0.114457831325301
0.091566265060241
0.460240963855422
0.0566265060240964
0.110843373493976
0.127710843373494
0.0265060240963855
0.102409638554217
0.00843373493975904
0.0180722891566265
0.0240963855421687
0.0469879518072289
0.0204819277108434
0.0180722891566265
0.0674698795180723
0.0614457831325301
0.00602409638554217
0.0120481927710843
0.0879518072289157
0.0120481927710843
0.0493975903614458
0.0253012048192771
0.137349397590361
0.0168674698795181
0.337349397590361
0.387951807228916
0.091566265060241
0.395180722891566
0.0072289156626506
0.0662650602409639
0.0253012048192771
0.0879518072289157
0.0542168674698795
0.0698795180722892
0.196385542168675
0.218072289156627
0.0156626506024096
0.0409638554216867
0.31566265060241
0.0240963855421687
0.072289156626506
0.0710843373493976
0.392771084337349
0.0373493975903614
0.0686746987951807
0.0506024096385542
0.00963855421686747
0.0469879518072289
0.00602409638554217
0.00481927710843374
0.0072289156626506
0.0156626506024096
0.00602409638554217
0.0132530120481928
0.0240963855421687
0.0204819277108434
0.0036144578313253
0.00602409638554217
0.0469879518072289
0.0072289156626506
0.0120481927710843
0.00240963855421687
0.0445783132530121
0.00602409638554217
0.0674698795180723
0.0710843373493976
0.0228915662650602
0.0542168674698795
0.00240963855421687
0.00963855421686747
0.0108433734939759
0.0228915662650602
0.00963855421686747
0.00481927710843374
0.0337349397590361
0.0373493975903614
0.00481927710843374
0.00602409638554217
0.0542168674698795
0.00481927710843374
0.0180722891566265
0.00602409638554217
0.063855421686747
0.00602409638554217
0.063855421686747
0.0481927710843374
0.0168674698795181
0.0168674698795181
0.00481927710843374
0.00602409638554217
0.0132530120481928
0.0373493975903614
0.0180722891566265
0.0192771084337349
0.0289156626506024
0.0204819277108434
0.00120481927710843
0.0132530120481928
0.0289156626506024
0.00602409638554217
0.0144578313253012
0.0144578313253012
0.0518072289156627
0.0216867469879518
0.180722891566265
0.0903614457831325
0.0421686746987952
0.0879518072289157
0.0156626506024096
0.0180722891566265
0.0433734939759036
0.0975903614457831
0.0228915662650602
0.0578313253012048
0.0686746987951807
0.0590361445783133
0.0108433734939759
0.0313253012048193
0.0807228915662651
0.0192771084337349
0.0469879518072289
0.0433734939759036
0.0975903614457831
0.0265060240963855
0.0843373493975904
0.0385542168674699
0.0228915662650602
0.0397590361445783
0.00843373493975904
0.00963855421686747
0.00843373493975904
0.0265060240963855
0.00843373493975904
0.0253012048192771
0.0373493975903614
0.0180722891566265
0.00602409638554217
0.00602409638554217
0.0421686746987952
0.0072289156626506
0.0253012048192771
0.0168674698795181
0.0469879518072289
0.0156626506024096
0.13855421686747
0.0879518072289157
0.0337349397590361
0.0831325301204819
0.0144578313253012
0.00963855421686747
0.0192771084337349
0.0746987951807229
0.0144578313253012
0.0445783132530121
0.0686746987951807
0.0421686746987952
0.00481927710843374
0.0168674698795181
0.0939759036144578
0.0144578313253012
0.0313253012048193
0.0289156626506024
0.11566265060241
0.0192771084337349
0.336144578313253
0.204819277108434
0.0734939759036145
0.186746987951807
0.0204819277108434
0.0373493975903614
0.0373493975903614
0.110843373493976
0.0253012048192771
0.0795180722891566
0.144578313253012
0.112048192771084
0.00963855421686747
0.0204819277108434
0.206024096385542
0.027710843373494
0.0554216867469879
0.0554216867469879
0.231325301204819
0.0493975903614458
0.244578313253012
0.216867469879518
0.0566265060240964
0.196385542168675
0.0120481927710843
0.0337349397590361
0.0228915662650602
0.0506024096385542
0.0228915662650602
0.0421686746987952
0.133734939759036
0.126506024096386
0.0132530120481928
0.0108433734939759
0.21566265060241
0.0072289156626506
0.0578313253012048
0.0445783132530121
0.227710843373494
0.0265060240963855
0.0144578313253012
0.0240963855421687
0.00481927710843374
0.0132530120481928
0.00120481927710843
0.00120481927710843
0.00240963855421687
0.00481927710843374
0
0.00602409638554217
0.00963855421686747
0.0120481927710843
0.00240963855421687
0.00240963855421687
0.0253012048192771
0.00240963855421687
0.0036144578313253
0.00481927710843374
0.0204819277108434
0.00240963855421687
0.0843373493975904
0.0397590361445783
0.0180722891566265
0.0265060240963855
0.00963855421686747
0.00240963855421687
0.00843373493975904
0.0156626506024096
0.00602409638554217
0.0156626506024096
0.0325301204819277
0.0168674698795181
0.00120481927710843
0.00963855421686747
0.0469879518072289
0.00481927710843374
0.0216867469879518
0.0108433734939759
0.0614457831325301
0.0132530120481928
0.596385542168675
0.414457831325301
0.11566265060241
0.449397590361446
0.0265060240963855
0.0602409638554217
0.0337349397590361
0.0903614457831325
0.0349397590361446
0.0819277108433735
0.234939759036145
0.289156626506024
0.027710843373494
0.0493975903614458
0.451807228915663
0.0349397590361446
0.109638554216867
0.0843373493975904
0.483132530120482
0.0506024096385542
0.0506024096385542
0.0337349397590361
0.0132530120481928
0.0240963855421687
0.0036144578313253
0.00602409638554217
0.0108433734939759
0.0156626506024096
0.0036144578313253
0.0168674698795181
0.0301204819277108
0.0240963855421687
0
0.00602409638554217
0.0397590361445783
0.00963855421686747
0.00843373493975904
0.00963855421686747
0.027710843373494
0.00602409638554217
0.160240963855422
0.127710843373494
0.027710843373494
0.0710843373493976
0.0144578313253012
0.0204819277108434
0.0228915662650602
0.0289156626506024
0.0180722891566265
0.0385542168674699
0.0578313253012048
0.0481927710843374
0.00120481927710843
0.0156626506024096
0.118072289156627
0.0120481927710843
0.0349397590361446
0.0168674698795181
0.128915662650602
0.0204819277108434
0.101204819277108
0.0855421686746988
0.0313253012048193
0.0951807228915663
0.0156626506024096
0.0228915662650602
0.0132530120481928
0.0265060240963855
0.0216867469879518
0.0240963855421687
0.0445783132530121
0.0578313253012048
0.0036144578313253
0.0168674698795181
0.0734939759036145
0.00481927710843374
0.0265060240963855
0.0132530120481928
0.0843373493975904
0.0108433734939759
0.883132530120482
0.32289156626506
0.110843373493976
0.296385542168675
0.036144578313253
0.0566265060240964
0.0313253012048193
0.0626506024096386
0.0530120481927711
0.153012048192771
0.186746987951807
0.201204819277108
0.0180722891566265
0.0698795180722892
0.691566265060241
0.0469879518072289
0.102409638554217
0.072289156626506
1
0.0602409638554217
0.0819277108433735
0.0614457831325301
0.0216867469879518
0.0289156626506024
0.00481927710843374
0.00843373493975904
0.0072289156626506
0.0289156626506024
0.0108433734939759
0.0180722891566265
0.0337349397590361
0.027710843373494
0
0.0108433734939759
0.0481927710843374
0.0072289156626506
0.0313253012048193
0.00963855421686747
0.0771084337349398
0.0132530120481928
