566
399
119
344
25
56
60
128
72
108
275
186
15
52
504
37
137
116
600
56
429
266
61
222
24
35
27
87
54
71
170
102
5
24
344
32
86
63
360
40
71
89
31
82
4
15
22
46
13
20
52
42
7
11
88
12
39
20
101
10
275
321
75
308
7
55
16
59
37
51
142
190
16
37
227
22
69
57
301
35
50
33
3
31
5
4
6
13
3
4
12
14
1
7
38
5
7
4
48
2
53
51
15
49
2
4
4
22
11
10
25
25
3
2
49
3
14
10
55
1
50
34
18
19
5
3
14
21
7
9
25
14
2
10
26
4
16
9
35
11
138
54
33
50
15
23
24
63
17
35
56
42
7
25
66
16
38
25
82
17
72
40
16
31
5
10
6
22
7
17
29
21
4
9
29
4
14
5
34
5
123
63
22
59
9
9
14
58
10
33
44
29
4
16
70
11
20
27
87
13
268
149
62
145
12
22
27
78
27
60
89
81
4
19
161
20
35
44
173
30
184
173
36
158
11
34
13
31
22
36
95
105
8
8
175
3
51
38
204
16
16
18
4
11
1
2
4
6
1
4
5
8
1
1
16
1
4
3
14
2
65
29
13
29
6
5
8
12
9
21
21
19
3
13
45
5
14
7
54
11
483
324
96
351
18
55
21
51
29
57
199
234
22
38
353
25
96
82
418
33
33
24
11
20
3
6
7
15
3
9
21
17
0
7
37
8
6
10
26
3
138
93
26
56
12
10
18
21
11
27
41
43
1
16
102
10
21
11
101
18
85
79
28
74
4
13
13
21
12
28
42
36
3
17
62
5
21
15
51
14
716
243
88
239
26
47
18
54
29
111
136
181
16
66
567
41
77
72
826
56
63
34
19
25
5
4
10
18
6
11
29
15
0
12
31
3
19
9
58
8
