0.709413369713506
0.487039563437926
0.163710777626194
0.384720327421555
0.0354706684856753
0.0818553888130969
0.0968622100954979
0.216916780354707
0.0900409276944066
0.160982264665757
0.366984993178718
0.219645293315143
0.0136425648021828
0.0654843110504775
0.626193724420191
0.053206002728513
0.21418826739427
0.160982264665757
0.740791268758527
0.103683492496589
0.55525238744884
0.266030013642565
0.0941336971350614
0.2537517053206
0.0327421555252387
0.0450204638472033
0.0463847203274216
0.115961800818554
0.0668485675306958
0.0941336971350614
0.21418826739427
0.122783083219645
0.0109140518417462
0.0354706684856753
0.427012278308322
0.0327421555252387
0.141882673942701
0.0914051841746248
0.469304229195089
0.0613915416098226
0.128240109140518
0.130968622100955
0.0368349249658936
0.106412005457026
0.00954979536152797
0.0204638472032742
0.0245566166439291
0.0709413369713506
0.0245566166439291
0.0354706684856753
0.0804911323328786
0.0491132332878581
0.00545702592087312
0.0204638472032742
0.110504774897681
0.0122783083219645
0.0654843110504775
0.0395634379263302
0.143246930422919
0.0204638472032742
0.312414733969986
0.347885402455662
0.0886766712141883
0.350613915416098
0.00818553888130969
0.0709413369713506
0.0259208731241473
0.0914051841746248
0.0518417462482947
0.0750341064120055
0.203274215552524
0.186903137789904
0.00954979536152797
0.0327421555252387
0.294679399727149
0.0177353342428377
0.0886766712141883
0.0763983628922237
0.373806275579809
0.043656207366985
0.0559345156889495
0.0491132332878581
0.0109140518417462
0.043656207366985
0.00954979536152797
0.00682128240109141
0.0109140518417462
0.0204638472032742
0.00954979536152797
0.00954979536152797
0.0204638472032742
0.0190995907230559
0.00136425648021828
0.00409276944065484
0.0450204638472033
0.00682128240109141
0.0163710777626194
0.00682128240109141
0.0572987721691678
0.00545702592087312
0.0832196452933151
0.0723055934515689
0.0272851296043656
0.0559345156889495
0.00136425648021828
0.00954979536152797
0.00818553888130969
0.0272851296043656
0.0150068212824011
0.0136425648021828
0.0463847203274216
0.0300136425648022
0.00136425648021828
0.00272851296043656
0.0600272851296044
0.00545702592087312
0.0163710777626194
0.0177353342428377
0.0572987721691678
0.0136425648021828
0.0736698499317872
0.0545702592087312
0.0300136425648022
0.0259208731241473
0.00545702592087312
0.00545702592087312
0.0286493860845839
0.0463847203274216
0.0177353342428377
0.0177353342428377
0.043656207366985
0.0259208731241473
0.00409276944065484
0.0177353342428377
0.0450204638472033
0.00545702592087312
0.0259208731241473
0.0177353342428377
0.0600272851296044
0.0177353342428377
0.22237380627558
0.0982264665757162
0.0572987721691678
0.0723055934515689
0.0204638472032742
0.0354706684856753
0.043656207366985
0.117326057298772
0.0300136425648022
0.053206002728513
0.0982264665757162
0.0668485675306958
0.00682128240109141
0.0450204638472033
0.0791268758526603
0.0313778990450205
0.0668485675306958
0.0613915416098226
0.130968622100955
0.0463847203274216
0.109140518417462
0.0409276944065484
0.0245566166439291
0.0354706684856753
0.00409276944065484
0.0177353342428377
0.0204638472032742
0.0491132332878581
0.00545702592087312
0.0300136425648022
0.0491132332878581
0.0286493860845839
0.00409276944065484
0.0163710777626194
0.0450204638472033
0.00818553888130969
0.0313778990450205
0.0150068212824011
0.0491132332878581
0.0163710777626194
0.160982264665757
0.0914051841746248
0.0409276944065484
0.0763983628922237
0.0122783083219645
0.0122783083219645
0.0272851296043656
0.0954979536152797
0.0300136425648022
0.0518417462482947
0.0763983628922237
0.0477489768076398
0.00954979536152797
0.0313778990450205
0.122783083219645
0.0109140518417462
0.0300136425648022
0.043656207366985
0.133697135061392
0.0218281036834925
0.360163710777626
0.229195088676671
0.0791268758526603
0.139154160982265
0.0204638472032742
0.0477489768076398
0.043656207366985
0.140518417462483
0.0422919508867667
0.105047748976808
0.171896316507503
0.109140518417462
0.00818553888130969
0.0313778990450205
0.23055934515689
0.0300136425648022
0.0668485675306958
0.0654843110504775
0.242837653478854
0.0545702592087312
0.226466575716235
0.190995907230559
0.0572987721691678
0.190995907230559
0.00954979536152797
0.0259208731241473
0.0190995907230559
0.0572987721691678
0.0272851296043656
0.0491132332878581
0.11869031377899
0.125511596180082
0.00545702592087312
0.0150068212824011
0.208731241473397
0.00545702592087312
0.0613915416098226
0.0600272851296044
0.219645293315143
0.0177353342428377
0.0218281036834925
0.00682128240109141
0.00545702592087312
0.00954979536152797
0.00136425648021828
0.00136425648021828
0.00136425648021828
0.00409276944065484
0.00136425648021828
0.00272851296043656
0.00954979536152797
0.0109140518417462
0.00136425648021828
0.00136425648021828
0.0177353342428377
0.00136425648021828
0.00272851296043656
0.00545702592087312
0.0163710777626194
0.00409276944065484
0.0914051841746248
0.0395634379263302
0.0231923601637108
0.0354706684856753
0.00545702592087312
0.00545702592087312
0.0177353342428377
0.0218281036834925
0.0109140518417462
0.0272851296043656
0.0368349249658936
0.0177353342428377
0.00272851296043656
0.00954979536152797
0.0600272851296044
0.00545702592087312
0.0300136425648022
0.0109140518417462
0.0668485675306958
0.0163710777626194
0.578444747612551
0.399727148703956
0.147339699863574
0.447476125511596
0.0300136425648022
0.0750341064120055
0.0313778990450205
0.103683492496589
0.0422919508867667
0.0900409276944066
0.260572987721692
0.259208731241473
0.0177353342428377
0.0613915416098226
0.485675306957708
0.0327421555252387
0.11869031377899
0.0982264665757162
0.489768076398363
0.0600272851296044
0.0422919508867667
0.0259208731241473
0.0163710777626194
0.0190995907230559
0.00545702592087312
0.00954979536152797
0.0109140518417462
0.0218281036834925
0.00818553888130969
0.0190995907230559
0.0313778990450205
0.0204638472032742
0
0.0122783083219645
0.0245566166439291
0.00545702592087312
0.00818553888130969
0.00682128240109141
0.0300136425648022
0.00954979536152797
0.185538881309686
0.141882673942701
0.0463847203274216
0.0927694406548431
0.0218281036834925
0.0190995907230559
0.0327421555252387
0.034106412005457
0.0204638472032742
0.053206002728513
0.0723055934515689
0.0504774897680764
0.00409276944065484
0.0190995907230559
0.137789904502046
0.0136425648021828
0.0450204638472033
0.0300136425648022
0.160982264665757
0.0300136425648022
0.132332878581173
0.121418826739427
0.0491132332878581
0.08731241473397
0.00954979536152797
0.0177353342428377
0.0204638472032742
0.0354706684856753
0.0231923601637108
0.0354706684856753
0.0613915416098226
0.0518417462482947
0.00545702592087312
0.0177353342428377
0.077762619372442
0.00409276944065484
0.034106412005457
0.0190995907230559
0.106412005457026
0.0190995907230559
0.879945429740791
0.335607094133697
0.110504774897681
0.289222373806276
0.0313778990450205
0.0450204638472033
0.043656207366985
0.0832196452933151
0.0668485675306958
0.181446111869031
0.210095497953615
0.221009549795362
0.0163710777626194
0.0791268758526603
0.694406548431105
0.0381991814461119
0.114597544338336
0.0968622100954979
1
0.0600272851296044
0.08731241473397
0.0668485675306958
0.0354706684856753
0.0395634379263302
0.0109140518417462
0.0122783083219645
0.0150068212824011
0.0300136425648022
0.0163710777626194
0.0218281036834925
0.0491132332878581
0.0300136425648022
0.00136425648021828
0.0163710777626194
0.0491132332878581
0.00682128240109141
0.0422919508867667
0.0122783083219645
0.0791268758526603
0.0122783083219645
