0.588744588744589
0.465367965367965
0.143939393939394
0.348484848484849
0.0281385281385281
0.0638528138528139
0.0779220779220779
0.163419913419913
0.0800865800865801
0.135281385281385
0.323593073593074
0.21969696969697
0.0162337662337662
0.053030303030303
0.548701298701299
0.038961038961039
0.145021645021645
0.152597402597403
0.675324675324675
0.0746753246753247
0.484848484848485
0.277056277056277
0.0984848484848485
0.246753246753247
0.0227272727272727
0.038961038961039
0.0335497835497836
0.106060606060606
0.0573593073593074
0.0800865800865801
0.189393939393939
0.12987012987013
0.00974025974025974
0.0292207792207792
0.382034632034632
0.0335497835497836
0.108225108225108
0.0638528138528139
0.444805194805195
0.0443722943722944
0.107142857142857
0.117965367965368
0.0313852813852814
0.0854978354978355
0.00324675324675325
0.0151515151515152
0.0216450216450216
0.0443722943722944
0.0119047619047619
0.0270562770562771
0.0584415584415584
0.0465367965367965
0.00649350649350649
0.00757575757575758
0.0995670995670996
0.0108225108225108
0.0476190476190476
0.0313852813852814
0.127705627705628
0.0227272727272727
0.312770562770563
0.314935064935065
0.0800865800865801
0.314935064935065
0.0119047619047619
0.0551948051948052
0.0227272727272727
0.0703463203463204
0.04004329004329
0.0627705627705628
0.174242424242424
0.194805194805195
0.0119047619047619
0.0454545454545455
0.271645021645022
0.0183982683982684
0.0811688311688312
0.0714285714285714
0.335497835497836
0.0335497835497836
0.0541125541125541
0.0313852813852814
0.00649350649350649
0.0422077922077922
0.00649350649350649
0.00541125541125541
0.00974025974025974
0.0151515151515152
0.00216450216450216
0.00974025974025974
0.0183982683982684
0.0205627705627706
0.00108225108225108
0.00649350649350649
0.0443722943722944
0.00649350649350649
0.0108225108225108
0.00649350649350649
0.0497835497835498
0.00432900432900433
0.0627705627705628
0.066017316017316
0.0270562770562771
0.0508658008658009
0.00649350649350649
0.00757575757575758
0.00216450216450216
0.0270562770562771
0.00757575757575758
0.0119047619047619
0.0313852813852814
0.0303030303030303
0.00216450216450216
0.00541125541125541
0.0465367965367965
0.00649350649350649
0.012987012987013
0.00974025974025974
0.0541125541125541
0.00216450216450216
0.0551948051948052
0.0357142857142857
0.0248917748917749
0.0194805194805195
0.00649350649350649
0.00324675324675325
0.012987012987013
0.0303030303030303
0.0151515151515152
0.012987012987013
0.0292207792207792
0.0227272727272727
0.00216450216450216
0.0119047619047619
0.0335497835497836
0.00432900432900433
0.0151515151515152
0.0108225108225108
0.0422077922077922
0.0205627705627706
0.167748917748918
0.0725108225108225
0.0454545454545455
0.0595238095238095
0.012987012987013
0.0248917748917749
0.0303030303030303
0.0757575757575758
0.0270562770562771
0.0411255411255411
0.0595238095238095
0.0627705627705628
0.00974025974025974
0.0227272727272727
0.0606060606060606
0.0216450216450216
0.0497835497835498
0.0422077922077922
0.0995670995670996
0.0303030303030303
0.0898268398268398
0.0443722943722944
0.0162337662337662
0.0281385281385281
0.00541125541125541
0.0140692640692641
0.00757575757575758
0.0270562770562771
0.00757575757575758
0.0194805194805195
0.0216450216450216
0.0238095238095238
0.00324675324675325
0.00757575757575758
0.04004329004329
0.00649350649350649
0.0194805194805195
0.0140692640692641
0.0454545454545455
0.00974025974025974
0.136363636363636
0.0909090909090909
0.0303030303030303
0.0768398268398268
0.00974025974025974
0.012987012987013
0.012987012987013
0.0584415584415584
0.012987012987013
0.0422077922077922
0.0497835497835498
0.04004329004329
0.00649350649350649
0.0194805194805195
0.0941558441558442
0.0162337662337662
0.0313852813852814
0.0346320346320346
0.11038961038961
0.0216450216450216
0.286796536796537
0.196969696969697
0.0573593073593074
0.140692640692641
0.0194805194805195
0.0346320346320346
0.0270562770562771
0.0984848484848485
0.0313852813852814
0.0757575757575758
0.12012987012987
0.0952380952380952
0.00865800865800866
0.0270562770562771
0.167748917748918
0.0303030303030303
0.0487012987012987
0.0562770562770563
0.206709956709957
0.038961038961039
0.206709956709957
0.176406926406926
0.0367965367965368
0.187229437229437
0.012987012987013
0.0248917748917749
0.0194805194805195
0.0541125541125541
0.0227272727272727
0.04004329004329
0.114718614718615
0.132034632034632
0.0119047619047619
0.0140692640692641
0.182900432900433
0.00865800865800866
0.0551948051948052
0.0497835497835498
0.239177489177489
0.0173160173160173
0.0205627705627706
0.0140692640692641
0.00216450216450216
0.0119047619047619
0.00108225108225108
0.00324675324675325
0.00108225108225108
0.00757575757575758
0
0.00541125541125541
0.0108225108225108
0.0140692640692641
0.00108225108225108
0.00108225108225108
0.0140692640692641
0
0.00324675324675325
0.00541125541125541
0.0194805194805195
0.00541125541125541
0.0692640692640693
0.0443722943722944
0.0162337662337662
0.0238095238095238
0.00757575757575758
0.00541125541125541
0.012987012987013
0.0173160173160173
0.00757575757575758
0.0173160173160173
0.0292207792207792
0.0238095238095238
0.00324675324675325
0.0108225108225108
0.0465367965367965
0.00432900432900433
0.0173160173160173
0.00865800865800866
0.0465367965367965
0.00865800865800866
0.514069264069264
0.371212121212121
0.116883116883117
0.404761904761905
0.0248917748917749
0.0584415584415584
0.0281385281385281
0.0703463203463204
0.0378787878787879
0.0833333333333333
0.199134199134199
0.228354978354978
0.0194805194805195
0.0367965367965368
0.415584415584416
0.0281385281385281
0.107142857142857
0.0876623376623377
0.458874458874459
0.0508658008658009
0.0411255411255411
0.0313852813852814
0.0108225108225108
0.0183982683982684
0.00432900432900433
0.00757575757575758
0.00974025974025974
0.0151515151515152
0.00865800865800866
0.0205627705627706
0.0270562770562771
0.0194805194805195
0.00216450216450216
0.00649350649350649
0.0335497835497836
0.00432900432900433
0.00865800865800866
0.00649350649350649
0.025974025974026
0.00974025974025974
0.153679653679654
0.107142857142857
0.0292207792207792
0.0703463203463204
0.0119047619047619
0.0194805194805195
0.0248917748917749
0.0292207792207792
0.0119047619047619
0.0324675324675325
0.053030303030303
0.0367965367965368
0.00324675324675325
0.0162337662337662
0.117965367965368
0.00865800865800866
0.0281385281385281
0.025974025974026
0.130952380952381
0.0248917748917749
0.124458874458874
0.0898268398268398
0.0357142857142857
0.0854978354978355
0.0108225108225108
0.0151515151515152
0.0183982683982684
0.0194805194805195
0.0140692640692641
0.025974025974026
0.0378787878787879
0.051948051948052
0.00541125541125541
0.0205627705627706
0.0584415584415584
0.00865800865800866
0.0303030303030303
0.0140692640692641
0.091991341991342
0.012987012987013
0.808441558441558
0.301948051948052
0.0984848484848485
0.272727272727273
0.038961038961039
0.053030303030303
0.0281385281385281
0.0606060606060606
0.0443722943722944
0.145021645021645
0.182900432900433
0.194805194805195
0.0151515151515152
0.0703463203463204
0.651515151515151
0.0476190476190476
0.101731601731602
0.0681818181818182
1
0.0779220779220779
0.0822510822510823
0.0422077922077922
0.0248917748917749
0.0422077922077922
0.00757575757575758
0.00757575757575758
0.00757575757575758
0.025974025974026
0.0108225108225108
0.0205627705627706
0.0411255411255411
0.0205627705627706
0.00216450216450216
0.00974025974025974
0.0411255411255411
0.00757575757575758
0.0183982683982684
0.0140692640692641
0.0833333333333333
0.0108225108225108
