565
393
118
333
24
65
67
143
53
114
284
186
17
51
504
41
154
118
590
65
430
244
78
216
24
32
30
85
48
72
178
104
10
25
337
32
90
64
367
43
87
104
28
86
5
14
22
48
20
19
46
43
4
14
85
9
42
22
106
16
276
290
70
316
6
52
16
59
41
56
154
180
12
38
232
17
73
65
326
32
52
31
5
36
2
3
5
9
8
10
14
18
1
7
38
2
7
4
43
4
55
47
22
42
3
7
5
22
10
12
31
25
2
5
47
4
12
11
42
4
45
42
20
19
6
4
13
30
13
15
24
22
4
9
34
5
20
10
45
12
148
63
34
54
14
21
30
80
21
36
61
50
8
21
60
21
42
29
86
23
75
37
18
33
6
15
11
18
8
20
33
16
7
9
27
4
23
10
33
10
128
64
32
65
8
7
22
56
19
31
48
32
7
15
81
14
19
25
95
17
268
178
56
134
18
31
27
93
22
57
97
94
8
24
154
23
44
53
187
35
181
161
42
157
9
23
15
41
22
39
102
106
9
10
185
8
47
37
197
20
18
16
4
11
0
3
2
8
1
5
9
11
0
1
16
0
5
6
14
6
57
33
18
24
4
1
11
14
7
19
29
19
2
11
46
3
11
9
42
13
436
311
104
355
21
52
25
64
36
62
200
216
21
32
383
28
95
80
421
49
29
27
11
21
1
6
9
16
9
16
23
20
2
6
34
7
6
8
29
6
144
81
31
58
14
17
24
23
11
32
45
32
2
19
108
11
36
17
118
20
93
86
26
72
9
11
17
18
15
17
37
52
4
15
54
5
28
10
77
10
749
273
92
255
29
39
30
52
40
138
151
165
15
52
539
44
78
71
880
55
68
41
16
31
5
8
11
23
9
17
38
22
2
9
30
8
20
12
70
6
