0.615384615384615
0.442036836403034
0.133261105092091
0.385698808234019
0.0270855904658722
0.0639219934994583
0.0704225352112676
0.174431202600217
0.0628385698808234
0.137594799566631
0.341278439869989
0.221018418201517
0.0162513542795233
0.0541711809317443
0.564463705308776
0.0422535211267606
0.153846153846154
0.134344528710726
0.678223185265439
0.0780065005417118
0.498374864572048
0.284940411700975
0.0801733477789816
0.250270855904659
0.0335861321776815
0.0400866738894908
0.0346695557963164
0.09534127843987
0.0487540628385699
0.0834236186348862
0.187432286023835
0.117009750812568
0.0075839653304442
0.0357529794149512
0.401950162513543
0.0303358613217768
0.0996749729144095
0.0704225352112676
0.439869989165764
0.0530877573131094
0.110509209100758
0.108342361863489
0.0346695557963164
0.085590465872156
0.0075839653304442
0.0151679306608884
0.019501625135428
0.0433369447453954
0.0205850487540628
0.019501625135428
0.0671722643553629
0.0606717226435536
0.0075839653304442
0.00866738894907909
0.0910075839653304
0.0108342361863489
0.037919826652221
0.0205850487540628
0.134344528710726
0.0216684723726977
0.315276273022752
0.362946912242687
0.0834236186348862
0.411700975081257
0.0119176598049837
0.0606717226435536
0.0140845070422535
0.0704225352112676
0.0411700975081257
0.0693391115926327
0.165763813651138
0.189599133261105
0.0119176598049837
0.0325027085590466
0.260021668472373
0.0260021668472373
0.09534127843987
0.0736728060671723
0.338028169014085
0.0400866738894908
0.0595882990249187
0.0444203683640303
0.00650054171180932
0.0314192849404117
0.00325027085590466
0.00541711809317443
0.0075839653304442
0.0119176598049837
0.00866738894907909
0.00975081256771398
0.0227518959913326
0.0238353196099675
0.00216684723726977
0.00541711809317443
0.0357529794149512
0.00108342361863489
0.0130010834236186
0.00650054171180932
0.0357529794149512
0.00325027085590466
0.0520043336944745
0.0563380281690141
0.0173347778981582
0.047670639219935
0.00325027085590466
0.00541711809317443
0.00541711809317443
0.0292524377031419
0.00866738894907909
0.0108342361863489
0.0357529794149512
0.0335861321776815
0.00433369447453954
0.00433369447453954
0.0487540628385699
0.00433369447453954
0.0184182015167931
0.00866738894907909
0.0487540628385699
0.00866738894907909
0.0541711809317443
0.0411700975081257
0.0205850487540628
0.019501625135428
0.00541711809317443
0.00216684723726977
0.0184182015167931
0.0335861321776815
0.0140845070422535
0.0162513542795233
0.0260021668472373
0.028169014084507
0.00541711809317443
0.00975081256771398
0.0249187432286024
0.00650054171180932
0.0173347778981582
0.0130010834236186
0.0487540628385699
0.0184182015167931
0.175514626218852
0.0736728060671723
0.0411700975081257
0.0660888407367281
0.0151679306608884
0.0227518959913326
0.0303358613217768
0.0769230769230769
0.0205850487540628
0.0400866738894908
0.0725893824485374
0.0498374864572048
0.00325027085590466
0.0238353196099675
0.0682556879739978
0.0238353196099675
0.0444203683640303
0.0422535211267606
0.0834236186348862
0.0335861321776815
0.0747562296858072
0.0455037919826652
0.0151679306608884
0.0368364030335861
0.00866738894907909
0.00975081256771398
0.0140845070422535
0.0270855904658722
0.00650054171180932
0.0249187432286024
0.0216684723726977
0.0227518959913326
0.00433369447453954
0.0119176598049837
0.0249187432286024
0.0075839653304442
0.0205850487540628
0.0108342361863489
0.0400866738894908
0.00650054171180932
0.156013001083424
0.0769230769230769
0.0270855904658722
0.0736728060671723
0.00866738894907909
0.00866738894907909
0.0238353196099675
0.0628385698808234
0.0184182015167931
0.0422535211267606
0.0606717226435536
0.0390032502708559
0.00541711809317443
0.019501625135428
0.0964247020585049
0.0162513542795233
0.028169014084507
0.0314192849404117
0.104008667388949
0.019501625135428
0.307692307692308
0.18851570964247
0.057421451787649
0.14409534127844
0.0205850487540628
0.0335861321776815
0.0314192849404117
0.0866738894907909
0.0314192849404117
0.0715059588299025
0.117009750812568
0.102925243770314
0.00975081256771398
0.0249187432286024
0.1863488624052
0.0249187432286024
0.047670639219935
0.0585048754062839
0.19068255687974
0.0411700975081257
0.197183098591549
0.202600216684724
0.0498374864572048
0.179848320693391
0.0119176598049837
0.0292524377031419
0.0227518959913326
0.0552546045503792
0.0238353196099675
0.0444203683640303
0.0931744312026002
0.120260021668472
0.0108342361863489
0.00433369447453954
0.202600216684724
0.0119176598049837
0.0552546045503792
0.0541711809317443
0.217768147345612
0.019501625135428
0.0173347778981582
0.019501625135428
0.00433369447453954
0.00866738894907909
0
0
0.00433369447453954
0.00433369447453954
0
0.00433369447453954
0.0075839653304442
0.0130010834236186
0.00108342361863489
0.00108342361863489
0.0205850487540628
0.00108342361863489
0.00541711809317443
0.00433369447453954
0.0140845070422535
0.00325027085590466
0.0780065005417118
0.037919826652221
0.0162513542795233
0.0270855904658722
0.00541711809317443
0.00433369447453954
0.0130010834236186
0.0184182015167931
0.0075839653304442
0.0260021668472373
0.0249187432286024
0.0205850487540628
0.00216684723726977
0.00541711809317443
0.0422535211267606
0.00325027085590466
0.00650054171180932
0.00650054171180932
0.0498374864572048
0.0140845070422535
0.522210184182015
0.361863488624052
0.130010834236186
0.414951245937161
0.0216684723726977
0.0563380281690141
0.0292524377031419
0.0660888407367281
0.0303358613217768
0.0790899241603467
0.199349945828819
0.232936078006501
0.0216684723726977
0.0455037919826652
0.404117009750813
0.0325027085590466
0.114842903575298
0.0790899241603467
0.459371614301192
0.0520043336944745
0.0325027085590466
0.0368364030335861
0.0173347778981582
0.0205850487540628
0.00108342361863489
0.0075839653304442
0.0119176598049837
0.0184182015167931
0.00866738894907909
0.0205850487540628
0.0227518959913326
0.0205850487540628
0.00216684723726977
0.00541711809317443
0.0368364030335861
0.00650054171180932
0.00433369447453954
0.0075839653304442
0.0292524377031419
0.0108342361863489
0.151679306608884
0.101841820151679
0.037919826652221
0.0682556879739978
0.0108342361863489
0.0173347778981582
0.0205850487540628
0.0260021668472373
0.0108342361863489
0.0400866738894908
0.0541711809317443
0.0433369447453954
0.00325027085590466
0.0227518959913326
0.110509209100758
0.0140845070422535
0.0422535211267606
0.019501625135428
0.114842903575298
0.0314192849404117
0.104008667388949
0.0812567713976165
0.0335861321776815
0.0823401950162514
0.00866738894907909
0.0130010834236186
0.0184182015167931
0.0227518959913326
0.0140845070422535
0.0260021668472373
0.0520043336944745
0.0487540628385699
0.00108342361863489
0.0140845070422535
0.0585048754062839
0.0075839653304442
0.0292524377031419
0.0130010834236186
0.0910075839653304
0.0140845070422535
0.80931744312026
0.289274106175515
0.0996749729144095
0.284940411700975
0.0314192849404117
0.047670639219935
0.0260021668472373
0.0595882990249187
0.0433369447453954
0.136511375947996
0.166847237269772
0.203683640303359
0.0140845070422535
0.0671722643553629
0.637053087757313
0.0465872156013001
0.0834236186348862
0.0715059588299025
1
0.0671722643553629
0.0845070422535211
0.0520043336944745
0.0260021668472373
0.0411700975081257
0.00325027085590466
0.0108342361863489
0.0075839653304442
0.0260021668472373
0.0140845070422535
0.0184182015167931
0.0390032502708559
0.0184182015167931
0.00108342361863489
0.0130010834236186
0.0455037919826652
0.00541711809317443
0.0314192849404117
0.0119176598049837
0.0845070422535211
0.0130010834236186
