-0.321596244131455
-0.494131455399061
-0.862676056338028
-0.596244131455399
-0.963615023474178
-0.93075117370892
-0.924882629107981
-0.816901408450704
-0.926056338028169
-0.852112676056338
-0.629107981220657
-0.764084507042254
-0.983568075117371
-0.940140845070423
-0.411971830985915
-0.956572769953052
-0.836854460093897
-0.848591549295775
-0.313380281690141
-0.916666666666667
-0.449530516431925
-0.7018779342723
-0.907276995305164
-0.712441314553991
-0.973004694835681
-0.957746478873239
-0.967136150234742
-0.906103286384977
-0.937793427230047
-0.906103286384977
-0.772300469483568
-0.862676056338028
-0.991784037558685
-0.963615023474178
-0.582159624413146
-0.969483568075117
-0.879107981220657
-0.933098591549296
-0.556338028169014
-0.940140845070423
-0.890845070422535
-0.867370892018779
-0.973004694835681
-0.910798122065728
-0.996478873239437
-0.980046948356808
-0.974178403755869
-0.949530516431925
-0.987089201877934
-0.973004694835681
-0.926056338028169
-0.946009389671362
-0.994131455399061
-0.990610328638498
-0.906103286384977
-0.990610328638498
-0.969483568075117
-0.973004694835681
-0.860328638497653
-0.982394366197183
-0.685446009389671
-0.634976525821596
-0.917840375586854
-0.606807511737089
-0.990610328638498
-0.931924882629108
-0.976525821596244
-0.92018779342723
-0.954225352112676
-0.923708920187793
-0.802816901408451
-0.765258215962441
-0.984741784037559
-0.955399061032864
-0.706572769953052
-0.976525821596244
-0.919014084507042
-0.92018779342723
-0.623239436619718
-0.962441314553991
-0.940140845070423
-0.9518779342723
-0.991784037558685
-0.950704225352113
-0.991784037558685
-0.997652582159624
-0.990610328638498
-0.985915492957746
-0.994131455399061
-0.991784037558685
-0.974178403755869
-0.983568075117371
-0.998826291079812
-0.997652582159624
-0.960093896713615
-0.995305164319249
-0.992957746478873
-0.994131455399061
-0.956572769953052
-0.996478873239437
-0.936619718309859
-0.93075117370892
-0.976525821596244
-0.94131455399061
-0.997652582159624
-0.991784037558685
-0.994131455399061
-0.983568075117371
-0.991784037558685
-0.991784037558685
-0.961267605633803
-0.96830985915493
-0.997652582159624
-0.995305164319249
-0.954225352112676
-0.994131455399061
-0.984741784037559
-0.988262910798122
-0.94131455399061
-0.992957746478873
-0.938967136150235
-0.956572769953052
-0.977699530516432
-0.985915492957746
-0.992957746478873
-0.997652582159624
-0.982394366197183
-0.965962441314554
-0.98943661971831
-0.981220657276995
-0.964788732394366
-0.983568075117371
-0.997652582159624
-0.985915492957746
-0.974178403755869
-0.994131455399061
-0.98943661971831
-0.987089201877934
-0.946009389671362
-0.980046948356808
-0.814553990610329
-0.926056338028169
-0.947183098591549
-0.931924882629108
-0.976525821596244
-0.975352112676056
-0.970657276995305
-0.916666666666667
-0.971830985915493
-0.949530516431925
-0.913145539906103
-0.940140845070423
-0.990610328638498
-0.982394366197183
-0.928403755868545
-0.973004694835681
-0.950704225352113
-0.964788732394366
-0.906103286384977
-0.96830985915493
-0.914319248826291
-0.956572769953052
-0.985915492957746
-0.964788732394366
-0.992957746478873
-0.990610328638498
-0.990610328638498
-0.960093896713615
-0.995305164319249
-0.97887323943662
-0.96830985915493
-0.980046948356808
-0.996478873239437
-0.991784037558685
-0.960093896713615
-0.994131455399061
-0.982394366197183
-0.990610328638498
-0.9518779342723
-0.988262910798122
-0.843896713615023
-0.916666666666667
-0.965962441314554
-0.914319248826291
-0.98943661971831
-0.991784037558685
-0.985915492957746
-0.931924882629108
-0.982394366197183
-0.953051643192488
-0.929577464788732
-0.949530516431925
-0.995305164319249
-0.988262910798122
-0.902582159624413
-0.981220657276995
-0.969483568075117
-0.969483568075117
-0.872065727699531
-0.980046948356808
-0.634976525821596
-0.796948356807512
-0.926056338028169
-0.846244131455399
-0.981220657276995
-0.954225352112676
-0.958920187793427
-0.895539906103286
-0.973004694835681
-0.911971830985915
-0.847417840375587
-0.872065727699531
-0.994131455399061
-0.974178403755869
-0.78169014084507
-0.965962441314554
-0.938967136150235
-0.927230046948357
-0.782863849765258
-0.962441314553991
-0.779342723004695
-0.785211267605634
-0.950704225352113
-0.801643192488263
-0.991784037558685
-0.967136150234742
-0.981220657276995
-0.935446009389671
-0.973004694835681
-0.955399061032864
-0.867370892018779
-0.863849765258216
-0.994131455399061
-0.988262910798122
-0.779342723004695
-0.992957746478873
-0.938967136150235
-0.940140845070423
-0.751173708920188
-0.977699530516432
-0.982394366197183
-0.983568075117371
-0.997652582159624
-0.991784037558685
-1
-1
-0.998826291079812
-0.991784037558685
-1
-0.995305164319249
-0.991784037558685
-0.98943661971831
-1
-1
-0.981220657276995
-0.998826291079812
-0.997652582159624
-0.995305164319249
-0.983568075117371
-0.995305164319249
-0.916666666666667
-0.958920187793427
-0.982394366197183
-0.976525821596244
-0.988262910798122
-0.996478873239437
-0.994131455399061
-0.983568075117371
-0.996478873239437
-0.987089201877934
-0.974178403755869
-0.987089201877934
-0.997652582159624
-0.990610328638498
-0.949530516431925
-0.997652582159624
-0.981220657276995
-0.994131455399061
-0.936619718309859
-0.990610328638498
-0.461267605633803
-0.606807511737089
-0.881455399061033
-0.544600938967136
-0.975352112676056
-0.940140845070423
-0.96830985915493
-0.921361502347418
-0.969483568075117
-0.914319248826291
-0.766431924882629
-0.705399061032864
-0.975352112676056
-0.956572769953052
-0.56924882629108
-0.970657276995305
-0.892018779342723
-0.922535211267606
-0.514084507042254
-0.94131455399061
-0.956572769953052
-0.962441314553991
-0.988262910798122
-0.973004694835681
-0.995305164319249
-0.995305164319249
-0.990610328638498
-0.981220657276995
-0.991784037558685
-0.982394366197183
-0.96830985915493
-0.987089201877934
-1
-0.995305164319249
-0.963615023474178
-0.997652582159624
-0.992957746478873
-0.992957746478873
-0.970657276995305
-0.994131455399061
-0.852112676056338
-0.883802816901408
-0.967136150234742
-0.937793427230047
-0.98943661971831
-0.983568075117371
-0.982394366197183
-0.975352112676056
-0.983568075117371
-0.967136150234742
-0.937793427230047
-0.955399061032864
-0.997652582159624
-0.985915492957746
-0.868544600938967
-0.988262910798122
-0.960093896713615
-0.977699530516432
-0.880281690140845
-0.971830985915493
-0.893192488262911
-0.90962441314554
-0.971830985915493
-0.90962441314554
-0.995305164319249
-0.97887323943662
-0.984741784037559
-0.969483568075117
-0.982394366197183
-0.97887323943662
-0.960093896713615
-0.94131455399061
-0.997652582159624
-0.985915492957746
-0.921361502347418
-0.994131455399061
-0.970657276995305
-0.987089201877934
-0.907276995305164
-0.990610328638498
-0.137323943661972
-0.679577464788732
-0.887323943661972
-0.694835680751174
-0.967136150234742
-0.960093896713615
-0.965962441314554
-0.940140845070423
-0.944835680751174
-0.835680751173709
-0.807511737089202
-0.793427230046948
-0.987089201877934
-0.922535211267606
-0.339201877934272
-0.953051643192488
-0.916666666666667
-0.927230046948357
-0.00117370892018775
-0.935446009389671
-0.922535211267606
-0.947183098591549
-0.973004694835681
-0.961267605633803
-0.994131455399061
-0.991784037558685
-0.98943661971831
-0.965962441314554
-0.98943661971831
-0.981220657276995
-0.963615023474178
-0.973004694835681
-1
-0.988262910798122
-0.950704225352113
-0.994131455399061
-0.973004694835681
-0.991784037558685
-0.919014084507042
-0.985915492957746
