0.670990566037736
0.502358490566038
0.172169811320755
0.379716981132075
0.0377358490566038
0.0695754716981132
0.0955188679245283
0.222877358490566
0.0860849056603774
0.155660377358491
0.371462264150943
0.207547169811321
0.0153301886792453
0.0648584905660377
0.607311320754717
0.0459905660377358
0.167452830188679
0.147405660377358
0.713443396226415
0.089622641509434
0.553066037735849
0.311320754716981
0.0919811320754717
0.264150943396226
0.0330188679245283
0.044811320754717
0.0459905660377358
0.120283018867925
0.0660377358490566
0.0943396226415094
0.234669811320755
0.130896226415094
0.00943396226415094
0.0400943396226415
0.433962264150943
0.0330188679245283
0.126179245283019
0.100235849056604
0.456367924528302
0.0577830188679245
0.106132075471698
0.14622641509434
0.0389150943396226
0.0837264150943396
0.00825471698113208
0.0224056603773585
0.0330188679245283
0.0636792452830189
0.0212264150943396
0.0259433962264151
0.0813679245283019
0.0660377358490566
0.00825471698113208
0.017688679245283
0.108490566037736
0.0129716981132075
0.0589622641509434
0.0306603773584906
0.136792452830189
0.0212264150943396
0.297169811320755
0.358490566037736
0.0825471698113208
0.344339622641509
0.00943396226415094
0.0471698113207547
0.0259433962264151
0.0872641509433962
0.0424528301886792
0.0672169811320755
0.170990566037736
0.216981132075472
0.0141509433962264
0.0436320754716981
0.265330188679245
0.017688679245283
0.089622641509434
0.0872641509433962
0.346698113207547
0.0377358490566038
0.0707547169811321
0.0389150943396226
0.0117924528301887
0.0341981132075472
0.00471698113207547
0.0035377358490566
0.0129716981132075
0.0235849056603774
0.0106132075471698
0.0153301886792453
0.0224056603773585
0.0247641509433962
0.00235849056603774
0.00825471698113208
0.0507075471698113
0.00471698113207547
0.0165094339622642
0.00471698113207547
0.0577830188679245
0.00825471698113208
0.0683962264150943
0.0707547169811321
0.0188679245283019
0.0459905660377358
0.00471698113207547
0.0117924528301887
0.00471698113207547
0.0306603773584906
0.0106132075471698
0.0117924528301887
0.0365566037735849
0.0341981132075472
0.0035377358490566
0.00707547169811321
0.0518867924528302
0.00471698113207547
0.0141509433962264
0.0117924528301887
0.0530660377358491
0.00707547169811321
0.080188679245283
0.0648584905660377
0.0318396226415094
0.0212264150943396
0.0106132075471698
0.0035377358490566
0.0235849056603774
0.0377358490566038
0.0188679245283019
0.0188679245283019
0.0283018867924528
0.027122641509434
0.0035377358490566
0.017688679245283
0.0400943396226415
0.00707547169811321
0.0259433962264151
0.0224056603773585
0.0601415094339623
0.0247641509433962
0.20872641509434
0.080188679245283
0.0589622641509434
0.0719339622641509
0.0200471698113208
0.0235849056603774
0.0389150943396226
0.123820754716981
0.0283018867924528
0.0613207547169811
0.089622641509434
0.0648584905660377
0.00825471698113208
0.0318396226415094
0.0766509433962264
0.0224056603773585
0.0695754716981132
0.0483490566037736
0.123820754716981
0.044811320754717
0.0966981132075472
0.0542452830188679
0.0200471698113208
0.0377358490566038
0.00707547169811321
0.0165094339622642
0.0212264150943396
0.0294811320754717
0.0117924528301887
0.0306603773584906
0.0365566037735849
0.027122641509434
0.00707547169811321
0.0141509433962264
0.0389150943396226
0.0035377358490566
0.0259433962264151
0.0129716981132075
0.0554245283018868
0.017688679245283
0.180424528301887
0.0919811320754717
0.044811320754717
0.0672169811320755
0.0129716981132075
0.0129716981132075
0.0283018867924528
0.0731132075471698
0.0212264150943396
0.0483490566037736
0.0589622641509434
0.0518867924528302
0.0035377358490566
0.0212264150943396
0.109669811320755
0.0141509433962264
0.0259433962264151
0.0424528301886792
0.119103773584906
0.027122641509434
0.330188679245283
0.226415094339623
0.0919811320754717
0.155660377358491
0.0235849056603774
0.0341981132075472
0.0459905660377358
0.122641509433962
0.0377358490566038
0.089622641509434
0.152122641509434
0.107311320754717
0.0106132075471698
0.0283018867924528
0.205188679245283
0.0294811320754717
0.0589622641509434
0.0742924528301887
0.219339622641509
0.0518867924528302
0.213443396226415
0.202830188679245
0.0507075471698113
0.191037735849057
0.0153301886792453
0.0318396226415094
0.0212264150943396
0.0554245283018868
0.0224056603773585
0.0507075471698113
0.125
0.121462264150943
0.0129716981132075
0.0106132075471698
0.200471698113208
0.0117924528301887
0.0719339622641509
0.0613207547169811
0.225235849056604
0.0235849056603774
0.0165094339622642
0.0200471698113208
0.00707547169811321
0.0117924528301887
0.00117924528301887
0.00235849056603774
0.00471698113207547
0.0035377358490566
0.00117924528301887
0.00471698113207547
0.00943396226415094
0.0106132075471698
0.00235849056603774
0.00235849056603774
0.017688679245283
0
0.00589622641509434
0.0035377358490566
0.0188679245283019
0.00471698113207547
0.0990566037735849
0.0389150943396226
0.0188679245283019
0.0294811320754717
0.0141509433962264
0.00471698113207547
0.0153301886792453
0.017688679245283
0.00943396226415094
0.0247641509433962
0.0341981132075472
0.0224056603773585
0.00117924528301887
0.0106132075471698
0.0518867924528302
0.00707547169811321
0.0188679245283019
0.0106132075471698
0.0589622641509434
0.0141509433962264
0.535377358490566
0.403301886792453
0.122641509433962
0.399764150943396
0.027122641509434
0.0672169811320755
0.0259433962264151
0.0884433962264151
0.0483490566037736
0.0943396226415094
0.254716981132075
0.25
0.0188679245283019
0.0483490566037736
0.436320754716981
0.0318396226415094
0.126179245283019
0.0849056603773585
0.502358490566038
0.0577830188679245
0.0389150943396226
0.0341981132075472
0.017688679245283
0.0200471698113208
0.0035377358490566
0.00825471698113208
0.00589622641509434
0.0188679245283019
0.00943396226415094
0.0235849056603774
0.0247641509433962
0.0224056603773585
0.00117924528301887
0.00707547169811321
0.0412735849056604
0.00825471698113208
0.00589622641509434
0.00825471698113208
0.0247641509433962
0.00589622641509434
0.186320754716981
0.139150943396226
0.0412735849056604
0.0683962264150943
0.0224056603773585
0.0212264150943396
0.0330188679245283
0.035377358490566
0.0212264150943396
0.0400943396226415
0.0672169811320755
0.044811320754717
0.0035377358490566
0.0235849056603774
0.125
0.0141509433962264
0.0530660377358491
0.027122641509434
0.130896226415094
0.0341981132075472
0.11438679245283
0.101415094339623
0.0341981132075472
0.0966981132075472
0.0141509433962264
0.0200471698113208
0.0259433962264151
0.0318396226415094
0.0224056603773585
0.0259433962264151
0.0613207547169811
0.0554245283018868
0.0035377358490566
0.0200471698113208
0.0849056603773585
0.00589622641509434
0.0377358490566038
0.017688679245283
0.102594339622642
0.0188679245283019
0.889150943396226
0.311320754716981
0.110849056603774
0.297169811320755
0.0389150943396226
0.0495283018867925
0.044811320754717
0.0731132075471698
0.0601415094339623
0.149764150943396
0.183962264150943
0.209905660377358
0.0188679245283019
0.0683962264150943
0.642688679245283
0.0471698113207547
0.113207547169811
0.0908018867924528
1
0.0754716981132075
0.0919811320754717
0.0636792452830189
0.0306603773584906
0.035377358490566
0.0106132075471698
0.0106132075471698
0.0153301886792453
0.0377358490566038
0.0153301886792453
0.0235849056603774
0.0530660377358491
0.027122641509434
0.00117924528301887
0.0165094339622642
0.0436320754716981
0.00825471698113208
0.0294811320754717
0.0117924528301887
0.0943396226415094
0.00943396226415094
