0.594091903719912
0.432166301969365
0.136761487964989
0.359956236323851
0.0339168490153173
0.0667396061269147
0.0711159737417943
0.153172866520788
0.0634573304157549
0.12472647702407
0.301969365426696
0.188183807439825
0.0164113785557987
0.0547045951859956
0.5
0.0404814004376368
0.159737417943107
0.114879649890591
0.694748358862144
0.0831509846827133
0.477024070021882
0.2527352297593
0.0798687089715536
0.241794310722101
0.0196936542669584
0.0382932166301969
0.0284463894967177
0.0908096280087527
0.0437636761487965
0.0820568927789934
0.155361050328228
0.12582056892779
0.00984682713347921
0.0229759299781182
0.364332603938731
0.0295404814004376
0.099562363238512
0.0733041575492341
0.451859956236324
0.0481400437636762
0.0984682713347921
0.112691466083151
0.025164113785558
0.0864332603938731
0.00109409190371991
0.0164113785557987
0.0131291028446389
0.0426695842450766
0.0142231947483589
0.025164113785558
0.062363238512035
0.0426695842450766
0.00765864332603939
0.0131291028446389
0.0908096280087527
0.0131291028446389
0.0470459518599562
0.025164113785558
0.12035010940919
0.0153172866520788
0.286652078774617
0.336980306345733
0.0897155361050328
0.350109409190372
0.0087527352297593
0.0568927789934354
0.0153172866520788
0.0557986870897155
0.0426695842450766
0.062363238512035
0.152078774617068
0.183807439824945
0.00656455142231947
0.0317286652078775
0.257111597374179
0.0207877461706783
0.0722100656455142
0.0776805251641138
0.341356673960613
0.0382932166301969
0.0459518599562363
0.0284463894967177
0.00656455142231947
0.0361050328227571
0.00218818380743982
0.00328227571115974
0.0087527352297593
0.0109409190371991
0.00547045951859956
0.012035010940919
0.025164113785558
0.0196936542669584
0.00109409190371991
0.00437636761487965
0.0361050328227571
0.00109409190371991
0.012035010940919
0.00437636761487965
0.050328227571116
0.00328227571115974
0.0601750547045952
0.0612691466083151
0.0185995623632385
0.0470459518599562
0.00437636761487965
0.00765864332603939
0.00656455142231947
0.0273522975929978
0.0087527352297593
0.0087527352297593
0.025164113785558
0.0361050328227571
0.00328227571115974
0.00218818380743982
0.0525164113785558
0.00437636761487965
0.0175054704595186
0.012035010940919
0.0557986870897155
0.00437636761487965
0.0448577680525164
0.0306345733041575
0.0207877461706783
0.0175054704595186
0.00547045951859956
0.00218818380743982
0.0142231947483589
0.037199124726477
0.00984682713347921
0.012035010940919
0.037199124726477
0.0142231947483589
0.00218818380743982
0.00656455142231947
0.0339168490153173
0.00437636761487965
0.0175054704595186
0.0087527352297593
0.0536105032822757
0.0153172866520788
0.170678336980306
0.074398249452954
0.037199124726477
0.0601750547045952
0.0109409190371991
0.0240700218818381
0.0284463894967177
0.0722100656455142
0.0153172866520788
0.0492341356673961
0.0557986870897155
0.0470459518599562
0.00328227571115974
0.0240700218818381
0.0733041575492341
0.025164113785558
0.0481400437636762
0.0393873085339169
0.0951859956236324
0.0284463894967177
0.062363238512035
0.0404814004376368
0.012035010940919
0.0229759299781182
0.00547045951859956
0.012035010940919
0.0131291028446389
0.0240700218818381
0.00656455142231947
0.0175054704595186
0.0262582056892779
0.0207877461706783
0.00218818380743982
0.012035010940919
0.0350109409190372
0.00547045951859956
0.0175054704595186
0.0109409190371991
0.0448577680525164
0.012035010940919
0.132385120350109
0.075492341356674
0.025164113785558
0.0722100656455142
0.0087527352297593
0.00984682713347921
0.0153172866520788
0.0525164113785558
0.0185995623632385
0.0448577680525164
0.0448577680525164
0.0382932166301969
0.00547045951859956
0.0229759299781182
0.101750547045952
0.0131291028446389
0.0306345733041575
0.0317286652078775
0.112691466083151
0.0185995623632385
0.277899343544858
0.179431072210066
0.0568927789934354
0.133479212253829
0.0175054704595186
0.0361050328227571
0.0262582056892779
0.0962800875273523
0.0295404814004376
0.0733041575492341
0.115973741794311
0.100656455142232
0.012035010940919
0.0207877461706783
0.168490153172867
0.0262582056892779
0.0536105032822757
0.0568927789934354
0.194748358862144
0.0328227571115974
0.182713347921225
0.194748358862144
0.0415754923413567
0.182713347921225
0.0109409190371991
0.0306345733041575
0.0175054704595186
0.0448577680525164
0.0185995623632385
0.0393873085339169
0.107221006564551
0.103938730853392
0.00656455142231947
0.0109409190371991
0.189277899343545
0.00547045951859956
0.0514223194748359
0.0459518599562363
0.206783369803063
0.0142231947483589
0.0175054704595186
0.00984682713347921
0.00328227571115974
0.0109409190371991
0.00218818380743982
0.00109409190371991
0.00109409190371991
0.00547045951859956
0
0.00547045951859956
0.00547045951859956
0.0109409190371991
0.00109409190371991
0.00109409190371991
0.0175054704595186
0
0.00547045951859956
0.00437636761487965
0.0109409190371991
0.00437636761487965
0.0634573304157549
0.0317286652078775
0.012035010940919
0.0131291028446389
0.00328227571115974
0.00547045951859956
0.0131291028446389
0.0175054704595186
0.00765864332603939
0.0164113785557987
0.0240700218818381
0.0175054704595186
0.00218818380743982
0.0087527352297593
0.0525164113785558
0.00328227571115974
0.0131291028446389
0.0087527352297593
0.0525164113785558
0.0142231947483589
0.475929978118162
0.335886214442013
0.108315098468271
0.409190371991247
0.0240700218818381
0.0634573304157549
0.0262582056892779
0.087527352297593
0.0295404814004376
0.0765864332603939
0.223194748358862
0.257111597374179
0.0175054704595186
0.0350109409190372
0.393873085339168
0.0207877461706783
0.0984682713347921
0.0831509846827133
0.450765864332604
0.0459518599562363
0.0317286652078775
0.0339168490153173
0.0153172866520788
0.0131291028446389
0.00109409190371991
0.00437636761487965
0.00547045951859956
0.0185995623632385
0.012035010940919
0.0185995623632385
0.0218818380743982
0.0142231947483589
0.00109409190371991
0.00437636761487965
0.0339168490153173
0
0.0087527352297593
0.00547045951859956
0.0218818380743982
0.0087527352297593
0.156455142231947
0.107221006564551
0.0350109409190372
0.062363238512035
0.0087527352297593
0.0164113785557987
0.025164113785558
0.0218818380743982
0.0207877461706783
0.0328227571115974
0.0557986870897155
0.0306345733041575
0.00109409190371991
0.0164113785557987
0.114879649890591
0.00765864332603939
0.0328227571115974
0.0262582056892779
0.12800875273523
0.0218818380743982
0.0951859956236324
0.0798687089715536
0.0317286652078775
0.0798687089715536
0.00547045951859956
0.0131291028446389
0.0207877461706783
0.0240700218818381
0.0142231947483589
0.0196936542669584
0.0459518599562363
0.0481400437636762
0.00328227571115974
0.0153172866520788
0.0678336980306346
0.00765864332603939
0.0306345733041575
0.0175054704595186
0.0886214442013129
0.012035010940919
0.854485776805252
0.284463894967177
0.100656455142232
0.25492341356674
0.0350109409190372
0.050328227571116
0.0328227571115974
0.0722100656455142
0.0361050328227571
0.136761487964989
0.185995623632385
0.185995623632385
0.0142231947483589
0.0590809628008753
0.648796498905908
0.037199124726477
0.0973741794310722
0.0733041575492341
1
0.0634573304157549
0.0809628008752735
0.0470459518599562
0.0229759299781182
0.0415754923413567
0.0087527352297593
0.00984682713347921
0.00547045951859956
0.0273522975929978
0.00656455142231947
0.0175054704595186
0.0393873085339169
0.0218818380743982
0.00218818380743982
0.0153172866520788
0.0382932166301969
0.0087527352297593
0.0131291028446389
0.00656455142231947
0.0711159737417943
0.0109409190371991
