568
436
121
341
20
64
73
169
62
125
303
192
14
58
518
38
152
117
606
77
452
237
67
231
25
39
40
96
47
84
168
105
7
31
340
29
95
75
380
44
91
101
28
79
4
16
28
49
18
21
54
54
4
11
74
11
30
22
106
14
273
307
75
289
7
44
17
76
43
58
140
177
12
28
245
23
73
63
315
33
58
31
6
34
7
6
8
18
8
8
16
15
3
4
38
4
11
5
43
4
49
50
16
37
1
5
6
26
7
10
39
30
2
4
49
3
15
10
51
6
58
45
24
17
6
3
14
37
14
15
31
21
2
11
26
7
18
15
42
19
164
69
43
67
24
26
37
86
26
41
76
56
3
24
71
25
49
36
103
29
78
42
13
33
9
12
8
30
8
23
30
18
5
7
24
10
21
11
38
9
153
66
30
64
11
9
16
65
18
37
51
40
5
18
79
15
28
30
91
23
289
167
65
115
17
29
38
91
28
73
122
81
6
25
173
29
49
56
182
36
184
182
43
161
11
19
17
53
20
44
109
117
8
11
170
7
51
46
216
20
17
15
4
4
0
2
2
3
1
3
8
11
2
2
18
2
4
2
15
2
75
27
14
25
7
4
9
15
11
13
26
19
3
11
46
2
18
10
38
11
468
298
100
380
20
53
25
72
31
68
189
243
18
35
367
21
92
70
413
45
35
32
13
18
4
7
12
20
6
17
22
20
2
7
34
5
7
6
22
6
132
103
34
65
17
17
22
29
10
34
63
33
3
14
105
10
40
21
117
26
92
78
28
62
12
17
17
21
16
21
43
53
4
17
60
6
29
13
81
15
759
274
80
245
28
38
27
72
44
139
151
182
14
53
541
42
94
68
854
55
76
45
17
35
6
8
9
27
11
17
31
25
0
13
38
6
27
13
69
9
