563
426
120
320
23
67
70
150
70
122
264
187
12
42
488
37
140
120
639
88
418
229
65
214
22
26
38
108
42
76
165
116
8
29
337
30
107
83
395
48
90
113
28
78
3
13
22
51
22
21
52
41
8
13
73
9
45
32
111
15
255
296
72
298
5
53
17
61
37
53
140
170
12
31
241
22
76
68
316
37
57
24
9
37
6
1
6
16
9
10
13
23
2
4
35
5
13
5
41
1
55
36
16
58
5
6
7
21
11
8
23
30
4
2
42
2
14
11
46
5
49
41
26
11
7
3
14
37
14
15
27
20
2
9
32
3
16
13
45
17
173
68
46
60
17
18
27
84
20
45
66
51
3
24
69
20
55
38
94
29
73
36
16
29
5
8
10
28
7
20
27
27
3
13
31
8
19
12
49
6
138
78
25
65
9
11
20
63
23
37
47
37
5
14
77
14
30
27
102
21
254
156
59
132
15
21
31
83
30
62
97
85
8
23
138
23
51
45
188
39
188
178
50
161
8
25
19
47
15
36
104
101
6
12
169
7
48
39
192
20
19
13
2
9
1
2
1
5
0
5
5
9
1
1
18
1
3
1
14
4
71
31
17
18
5
5
12
13
10
19
22
16
1
11
34
3
16
9
42
10
452
314
98
342
21
53
21
75
24
81
195
216
22
33
375
20
96
71
403
43
35
27
16
16
1
8
9
15
9
19
18
15
1
5
33
6
7
5
26
2
149
105
27
64
16
17
21
31
17
37
50
42
2
18
105
9
35
24
118
30
100
69
32
67
12
16
19
24
18
28
39
40
3
18
68
6
34
19
75
13
750
287
99
244
39
45
30
63
38
131
152
176
11
48
555
42
90
73
895
67
84
41
22
39
6
5
7
32
11
20
37
24
1
16
43
7
25
9
65
7
