592
457
136
347
30
66
69
170
73
130
294
204
14
51
533
40
146
133
604
69
462
304
91
227
27
39
36
92
54
94
188
124
6
28
362
37
103
81
401
43
92
102
27
87
7
16
22
52
17
23
55
50
7
8
97
10
37
25
108
17
292
315
71
334
8
61
20
64
34
67
161
202
16
38
266
23
79
69
316
42
51
32
7
44
7
6
7
13
7
12
15
18
1
7
45
7
9
5
41
4
55
68
23
53
3
7
4
24
8
10
37
31
4
5
48
6
15
10
51
3
52
40
24
17
7
3
15
28
15
16
28
21
3
14
31
5
15
12
46
14
153
71
40
64
19
22
33
75
27
41
68
59
10
25
66
20
44
38
80
25
79
41
17
35
8
11
6
29
7
19
27
20
5
7
32
6
22
9
43
9
154
72
30
80
13
8
16
58
15
41
51
34
6
11
82
18
35
32
105
26
293
169
55
145
16
31
28
89
30
77
120
87
5
24
182
23
47
57
184
36
195
188
39
168
11
32
18
50
23
37
114
117
10
16
188
8
50
54
221
21
15
18
3
8
0
2
3
8
1
4
7
14
1
2
16
1
3
3
22
3
78
39
19
25
6
6
12
16
6
16
27
20
3
12
47
3
12
7
44
9
488
339
99
399
24
60
24
58
30
82
192
253
21
43
381
24
96
68
475
47
41
34
14
22
4
6
9
19
8
16
26
17
1
5
35
6
7
9
21
5
136
115
33
54
14
19
26
31
14
32
48
43
4
17
108
10
41
18
112
22
98
80
33
82
9
16
19
26
13
20
46
47
5
18
55
7
25
16
88
11
771
281
88
257
30
48
32
53
39
131
167
180
14
63
593
47
91
61
917
55
80
48
17
36
4
8
7
25
11
20
30
22
0
13
41
5
24
10
59
11
