0.623011015911873
0.484700122399021
0.135862913096695
0.348837209302326
0.0232558139534884
0.0758873929008568
0.0869033047735618
0.16891064871481
0.0673194614443084
0.13219094247246
0.346389228886169
0.22766217870257
0.01468788249694
0.0660954712362301
0.576499388004896
0.0416156670746634
0.164014687882497
0.150550795593635
0.692778457772338
0.0771113831089351
0.516523867809058
0.272949816401469
0.0930232558139535
0.268053855569155
0.0281517747858017
0.0416156670746634
0.0354957160342717
0.0979192166462668
0.0538555691554468
0.0807833537331701
0.195838433292534
0.130966952264382
0.00489596083231334
0.0305997552019584
0.406364749082007
0.0330477356181151
0.113831089351285
0.0869033047735618
0.436964504283966
0.0538555691554468
0.0966952264381885
0.12484700122399
0.0305997552019584
0.0832313341493268
0.00489596083231334
0.00979192166462668
0.0171358629130967
0.0465116279069767
0.0171358629130967
0.0232558139534884
0.0624235006119951
0.0611995104039168
0.00367197062423501
0.018359853121175
0.0966952264381885
0.00979192166462668
0.0501835985312118
0.0269277845777234
0.113831089351285
0.018359853121175
0.302325581395349
0.324357405140759
0.0820073439412485
0.374541003671971
0.00856793145654835
0.0660954712362301
0.0134638922888617
0.0758873929008568
0.0416156670746634
0.0563035495716034
0.155446756425949
0.20563035495716
0.00856793145654835
0.0330477356181151
0.283965728274174
0.0208078335373317
0.0954712362301102
0.0807833537331701
0.357405140758874
0.0416156670746634
0.0648714810281518
0.0416156670746634
0.00489596083231334
0.0305997552019584
0.00489596083231334
0.00611995104039168
0.00489596083231334
0.0134638922888617
0.00367197062423501
0.01468788249694
0.02203182374541
0.025703794369645
0.00122399020807834
0.00611995104039168
0.0440636474908201
0.00122399020807834
0.0122399020807834
0.00489596083231334
0.0514075887392901
0.00489596083231334
0.0563035495716034
0.0501835985312118
0.0159118727050184
0.0550795593635251
0.00244798041615667
0.00734394124847001
0.00611995104039168
0.025703794369645
0.0122399020807834
0.0134638922888617
0.0379436964504284
0.0318237454100367
0.00244798041615667
0.00489596083231334
0.0501835985312118
0.00489596083231334
0.0171358629130967
0.01468788249694
0.0685434516523868
0.00489596083231334
0.0599755201958384
0.0416156670746634
0.0195838433292534
0.0159118727050184
0.00611995104039168
0.00244798041615667
0.0208078335373317
0.02937576499388
0.0134638922888617
0.0195838433292534
0.0269277845777234
0.0244798041615667
0.00367197062423501
0.00856793145654835
0.0318237454100367
0.00122399020807834
0.0269277845777234
0.0122399020807834
0.0514075887392901
0.0208078335373317
0.175030599755202
0.0783353733170135
0.0318237454100367
0.0599755201958384
0.0159118727050184
0.0269277845777234
0.025703794369645
0.0783353733170135
0.018359853121175
0.0391676866585067
0.0697674418604651
0.0587515299877601
0.00244798041615667
0.02937576499388
0.0673194614443084
0.0134638922888617
0.0440636474908201
0.0367197062423501
0.0807833537331701
0.0281517747858017
0.0820073439412485
0.0416156670746634
0.0134638922888617
0.0379436964504284
0.00489596083231334
0.0122399020807834
0.018359853121175
0.018359853121175
0.00367197062423501
0.0244798041615667
0.0342717258261934
0.0195838433292534
0.00489596083231334
0.00856793145654835
0.0281517747858017
0.00489596083231334
0.0208078335373317
0.01468788249694
0.0501835985312118
0.00856793145654835
0.13953488372093
0.0758873929008568
0.0330477356181151
0.0734394124847001
0.00979192166462668
0.00734394124847001
0.0195838433292534
0.0746634026927785
0.0195838433292534
0.0465116279069767
0.0550795593635251
0.0440636474908201
0.00489596083231334
0.0244798041615667
0.104039167686659
0.018359853121175
0.025703794369645
0.0305997552019584
0.106487148102815
0.0269277845777234
0.302325581395349
0.186046511627907
0.0660954712362301
0.151774785801714
0.025703794369645
0.0367197062423501
0.0318237454100367
0.0930232558139535
0.0330477356181151
0.0685434516523868
0.118727050183599
0.104039167686659
0.00611995104039168
0.0342717258261934
0.184822521419829
0.0195838433292534
0.0489596083231334
0.0660954712362301
0.219094247246022
0.0416156670746634
0.232558139534884
0.193390452876377
0.0489596083231334
0.166462668298654
0.00979192166462668
0.02937576499388
0.0171358629130967
0.0563035495716034
0.02203182374541
0.0428396572827417
0.128518971848225
0.118727050183599
0.00734394124847001
0.01468788249694
0.221542227662179
0.00856793145654835
0.0587515299877601
0.0477356181150551
0.225214198286414
0.0244798041615667
0.011015911872705
0.0134638922888617
0.00244798041615667
0.00979192166462668
0
0.00122399020807834
0.00122399020807834
0.00367197062423501
0
0.00244798041615667
0.00611995104039168
0.00856793145654835
0.00122399020807834
0.00122399020807834
0.0171358629130967
0
0.00489596083231334
0.00611995104039168
0.01468788249694
0.00367197062423501
0.0930232558139535
0.0354957160342717
0.018359853121175
0.02937576499388
0.00611995104039168
0.00734394124847001
0.0159118727050184
0.0171358629130967
0.00856793145654835
0.0232558139534884
0.02937576499388
0.01468788249694
0.00122399020807834
0.00979192166462668
0.0477356181150551
0.00489596083231334
0.0208078335373317
0.00979192166462668
0.0452876376988984
0.011015911872705
0.506731946144431
0.396572827417381
0.126070991432069
0.421052631578947
0.0281517747858017
0.0599755201958384
0.0318237454100367
0.0636474908200734
0.0367197062423501
0.0771113831089351
0.208078335373317
0.255813953488372
0.0208078335373317
0.0391676866585067
0.429620563035496
0.025703794369645
0.11750305997552
0.0979192166462668
0.510403916768666
0.0526315789473684
0.0379436964504284
0.0342717258261934
0.0171358629130967
0.0159118727050184
0.00122399020807834
0.00856793145654835
0.00856793145654835
0.00979192166462668
0.00734394124847001
0.0208078335373317
0.0208078335373317
0.018359853121175
0.00122399020807834
0.00367197062423501
0.0269277845777234
0.00367197062423501
0.00979192166462668
0.00489596083231334
0.0305997552019584
0.00856793145654835
0.167686658506732
0.11015911872705
0.0330477356181151
0.0746634026927785
0.0159118727050184
0.018359853121175
0.0244798041615667
0.0208078335373317
0.0134638922888617
0.0379436964504284
0.0624235006119951
0.0501835985312118
0.00244798041615667
0.0232558139534884
0.128518971848225
0.018359853121175
0.0501835985312118
0.0171358629130967
0.143206854345165
0.0330477356181151
0.118727050183599
0.101591187270502
0.0354957160342717
0.0881272949816402
0.0122399020807834
0.0134638922888617
0.0208078335373317
0.0122399020807834
0.0171358629130967
0.0342717258261934
0.0514075887392901
0.0501835985312118
0.00244798041615667
0.018359853121175
0.0709914320685435
0.00856793145654835
0.0354957160342717
0.011015911872705
0.0954712362301102
0.00856793145654835
0.851897184822521
0.324357405140759
0.0942472460220318
0.292533659730722
0.0391676866585067
0.0477356181150551
0.02937576499388
0.0550795593635251
0.0514075887392901
0.16156670746634
0.16891064871481
0.206854345165239
0.01468788249694
0.0611995104039168
0.654834761321909
0.0489596083231334
0.108935128518972
0.0795593635250918
1
0.0575275397796818
0.0930232558139535
0.0611995104039168
0.0195838433292534
0.0391676866585067
0.00489596083231334
0.00734394124847001
0.00734394124847001
0.0208078335373317
0.011015911872705
0.0232558139534884
0.0391676866585067
0.0195838433292534
0.00122399020807834
0.0134638922888617
0.0452876376988984
0.00244798041615667
0.0244798041615667
0.011015911872705
0.0795593635250918
0.00489596083231334
