535
390
120
291
27
59
61
157
72
126
286
170
15
46
437
32
137
110
557
76
432
273
78
217
22
43
37
84
51
80
175
109
9
27
308
23
97
67
352
50
100
102
33
76
4
15
24
42
10
25
66
39
8
7
74
10
42
27
116
19
240
263
78
273
8
49
19
69
29
57
138
160
13
32
224
18
68
63
269
32
51
37
7
27
4
6
7
14
7
8
20
14
2
4
39
2
7
3
44
5
55
61
20
39
5
9
4
21
6
11
31
25
3
6
36
5
17
9
59
6
55
44
20
14
10
4
14
34
14
16
33
13
1
9
34
5
13
14
42
18
165
70
47
60
17
26
34
90
21
49
68
53
5
22
62
22
47
40
87
31
65
41
19
26
7
13
8
35
6
18
27
15
6
8
32
9
14
10
41
7
134
74
28
65
9
8
18
56
16
47
56
34
5
17
92
12
24
26
99
23
255
177
60
128
17
25
35
105
32
68
112
78
5
26
185
28
50
48
174
30
158
168
39
139
8
26
16
44
16
33
104
92
10
8
162
3
50
47
178
22
17
14
3
7
2
1
1
6
1
5
7
6
1
0
17
0
5
4
16
5
64
30
15
19
8
7
11
18
6
17
25
12
0
7
36
3
14
11
47
9
409
326
89
336
21
54
28
68
24
68
194
210
15
29
344
21
92
68
393
45
27
23
16
18
3
4
7
16
9
14
21
12
1
3
33
5
3
7
25
9
126
96
27
54
7
19
20
31
15
34
53
38
2
17
102
5
31
22
110
28
82
81
24
70
10
16
18
30
19
18
34
45
4
12
59
8
22
11
75
11
677
234
96
216
22
40
34
65
42
131
150
184
12
66
522
39
86
58
806
50
74
43
26
34
6
6
11
32
11
19
39
15
1
14
42
7
25
9
60
15
