586
457
105
348
28
64
54
175
72
115
323
197
17
55
525
39
149
116
623
76
482
256
70
244
25
38
19
79
53
75
179
113
9
28
345
30
105
68
374
50
80
101
25
84
3
10
18
36
9
19
49
39
9
8
78
9
28
26
107
17
287
325
70
337
8
54
19
65
35
61
146
189
17
37
259
19
73
69
302
42
58
28
1
38
3
5
3
13
4
8
16
21
2
4
40
6
10
5
43
5
55
50
14
52
5
10
7
27
7
12
32
25
2
5
48
4
14
11
49
3
56
36
11
15
5
5
13
30
8
12
25
17
3
9
24
5
14
5
42
9
162
69
35
58
17
24
21
65
18
42
61
46
6
25
63
22
40
23
83
20
76
33
16
32
4
10
11
19
7
17
23
18
5
6
33
4
18
13
41
8
127
60
28
67
11
11
11
58
15
36
47
42
7
14
87
14
20
31
89
19
269
155
55
142
19
29
30
87
31
62
111
100
5
25
179
21
43
51
187
38
186
180
35
146
11
26
15
40
17
27
103
105
9
11
194
8
42
43
207
21
18
19
1
14
1
2
1
6
1
6
11
8
0
0
24
2
3
4
19
4
70
32
14
17
5
7
10
18
7
20
22
15
2
5
38
4
17
7
49
10
512
333
103
371
23
53
26
61
33
85
189
203
24
33
378
26
90
76
446
40
40
28
15
20
1
6
8
12
9
17
22
16
2
3
33
6
7
4
23
6
142
98
25
57
9
19
22
20
12
22
51
40
5
17
104
8
34
16
109
22
96
63
27
85
10
12
12
18
13
21
38
49
4
18
56
7
20
13
78
8
760
289
91
246
30
43
35
54
36
121
159
165
16
54
571
40
89
63
896
47
79
44
19
45
4
7
9
17
7
17
34
19
1
13
35
4
21
9
60
11
