0.655491329479769
0.502890173410405
0.154913294797688
0.408092485549133
0.0335260115606936
0.0739884393063584
0.0959537572254335
0.226589595375723
0.0751445086705202
0.15028901734104
0.375722543352601
0.235838150289017
0.0196531791907514
0.0647398843930636
0.578034682080925
0.0416184971098266
0.186127167630058
0.151445086705202
0.676300578034682
0.0947976878612717
0.554913294797688
0.308670520231214
0.0809248554913295
0.273988439306358
0.0323699421965318
0.0416184971098266
0.0439306358381503
0.131791907514451
0.0670520231213873
0.0878612716763006
0.223121387283237
0.136416184971098
0.0092485549132948
0.0416184971098266
0.404624277456647
0.0265895953757225
0.130635838150289
0.0890173410404624
0.445086705202312
0.0531791907514451
0.128323699421965
0.117919075144509
0.0404624277456647
0.100578034682081
0.00809248554913295
0.0104046242774566
0.0312138728323699
0.069364161849711
0.0173410404624277
0.0312138728323699
0.0751445086705202
0.0497109826589595
0.00809248554913295
0.015028901734104
0.0959537572254335
0.0104046242774566
0.0531791907514451
0.0404624277456647
0.143352601156069
0.0208092485549133
0.309826589595376
0.357225433526012
0.0959537572254335
0.410404624277457
0.0092485549132948
0.0739884393063584
0.0219653179190751
0.0855491329479769
0.038150289017341
0.0728323699421965
0.191907514450867
0.21271676300578
0.0138728323699422
0.0369942196531792
0.297109826589595
0.0289017341040462
0.0820809248554913
0.0774566473988439
0.345664739884393
0.0416184971098266
0.0739884393063584
0.0427745664739884
0.0104046242774566
0.0312138728323699
0.00578034682080925
0.00578034682080925
0.0092485549132948
0.0219653179190751
0.0104046242774566
0.0115606936416185
0.0300578034682081
0.0254335260115607
0.00346820809248555
0.0069364161849711
0.0439306358381503
0.00346820809248555
0.00809248554913295
0.0069364161849711
0.0520231213872832
0.0046242774566474
0.0670520231213873
0.061271676300578
0.0196531791907514
0.0578034682080925
0.0046242774566474
0.0115606936416185
0.0104046242774566
0.0265895953757225
0.0104046242774566
0.0138728323699422
0.0473988439306358
0.0346820809248555
0.00346820809248555
0.00809248554913295
0.0520231213872832
0.0046242774566474
0.0196531791907514
0.0115606936416185
0.0589595375722543
0.0069364161849711
0.0728323699421965
0.0566473988439306
0.0277456647398844
0.0127167630057803
0.0127167630057803
0.0046242774566474
0.0161849710982659
0.0485549132947977
0.0127167630057803
0.023121387283237
0.038150289017341
0.0208092485549133
0.00346820809248555
0.0127167630057803
0.0404624277456647
0.00809248554913295
0.0254335260115607
0.0161849710982659
0.0566473988439306
0.023121387283237
0.219653179190751
0.0913294797687861
0.0601156069364162
0.0786127167630058
0.0242774566473988
0.0289017341040462
0.0369942196531792
0.107514450867052
0.0312138728323699
0.0682080924855491
0.0913294797687861
0.0682080924855491
0.00346820809248555
0.0358381502890173
0.0890173410404624
0.023121387283237
0.0647398843930636
0.0450867052023121
0.123699421965318
0.0393063583815029
0.092485549132948
0.0508670520231214
0.023121387283237
0.0335260115606936
0.00809248554913295
0.0161849710982659
0.0127167630057803
0.0369942196531792
0.00809248554913295
0.0242774566473988
0.0404624277456647
0.0254335260115607
0.00578034682080925
0.0104046242774566
0.0393063583815029
0.0069364161849711
0.023121387283237
0.0173410404624277
0.0473988439306358
0.0115606936416185
0.169942196531792
0.0901734104046243
0.0358381502890173
0.0763005780346821
0.015028901734104
0.00809248554913295
0.0254335260115607
0.0855491329479769
0.0312138728323699
0.0497109826589595
0.069364161849711
0.0427745664739884
0.0069364161849711
0.015028901734104
0.116763005780347
0.0161849710982659
0.0300578034682081
0.0369942196531792
0.117919075144509
0.0254335260115607
0.360693641618497
0.219653179190751
0.0890173410404624
0.158381502890173
0.0219653179190751
0.0439306358381503
0.0439306358381503
0.115606936416185
0.0369942196531792
0.0901734104046243
0.147976878612717
0.110982658959538
0.0046242774566474
0.0335260115606936
0.197687861271676
0.0277456647398844
0.0658959537572254
0.0635838150289017
0.226589595375723
0.0450867052023121
0.238150289017341
0.213872832369942
0.0578034682080925
0.16878612716763
0.0138728323699422
0.0335260115606936
0.023121387283237
0.061271676300578
0.023121387283237
0.0393063583815029
0.127167630057803
0.110982658959538
0.0092485549132948
0.0138728323699422
0.21271676300578
0.0092485549132948
0.0658959537572254
0.0531791907514451
0.202312138728324
0.0277456647398844
0.015028901734104
0.023121387283237
0.00346820809248555
0.0069364161849711
0.00115606936416185
0
0.00115606936416185
0.00578034682080925
0.00115606936416185
0.00346820809248555
0.00809248554913295
0.0104046242774566
0.00115606936416185
0.00115606936416185
0.0242774566473988
0.0023121387283237
0.0023121387283237
0.00115606936416185
0.0219653179190751
0.00346820809248555
0.0890173410404624
0.0346820809248555
0.0208092485549133
0.0265895953757225
0.0092485549132948
0.00809248554913295
0.0115606936416185
0.0173410404624277
0.0092485549132948
0.0265895953757225
0.0254335260115607
0.0173410404624277
0
0.0115606936416185
0.0439306358381503
0.00115606936416185
0.0196531791907514
0.0104046242774566
0.0531791907514451
0.00809248554913295
0.564161849710983
0.389595375722543
0.129479768786127
0.419653179190751
0.0242774566473988
0.0635838150289017
0.0358381502890173
0.0878612716763006
0.0393063583815029
0.0947976878612717
0.221965317919075
0.248554913294798
0.023121387283237
0.0358381502890173
0.41271676300578
0.0289017341040462
0.109826589595376
0.0982658959537572
0.479768786127168
0.0578034682080925
0.0369942196531792
0.0323699421965318
0.0196531791907514
0.023121387283237
0.0023121387283237
0.00809248554913295
0.00578034682080925
0.0208092485549133
0.0092485549132948
0.0184971098265896
0.0289017341040462
0.0196531791907514
0.0023121387283237
0.00346820809248555
0.0323699421965318
0.00578034682080925
0.0046242774566474
0.00578034682080925
0.0300578034682081
0.0104046242774566
0.15028901734104
0.120231213872832
0.0416184971098266
0.084393063583815
0.0208092485549133
0.0208092485549133
0.0323699421965318
0.0393063583815029
0.0196531791907514
0.0497109826589595
0.0751445086705202
0.0554913294797688
0.00115606936416185
0.0173410404624277
0.119075144508671
0.015028901734104
0.0508670520231214
0.0254335260115607
0.130635838150289
0.0335260115606936
0.112138728323699
0.10635838150289
0.038150289017341
0.092485549132948
0.0138728323699422
0.0208092485549133
0.023121387283237
0.0312138728323699
0.023121387283237
0.0312138728323699
0.0473988439306358
0.0601156069364162
0.0023121387283237
0.015028901734104
0.0763005780346821
0.0069364161849711
0.0312138728323699
0.0208092485549133
0.092485549132948
0.0115606936416185
0.81271676300578
0.315606936416185
0.0994219653179191
0.300578034682081
0.0346820809248555
0.0473988439306358
0.0416184971098266
0.0751445086705202
0.0589595375722543
0.152601156069364
0.193063583815029
0.196531791907514
0.0161849710982659
0.0531791907514451
0.639306358381503
0.0497109826589595
0.108670520231214
0.0763005780346821
1
0.0716763005780347
0.100578034682081
0.061271676300578
0.0265895953757225
0.0450867052023121
0.0069364161849711
0.0104046242774566
0.0104046242774566
0.0369942196531792
0.0115606936416185
0.0265895953757225
0.0485549132947977
0.0254335260115607
0.00115606936416185
0.0115606936416185
0.0566473988439306
0.0046242774566474
0.0254335260115607
0.0127167630057803
0.0682080924855491
0.0127167630057803
