561
425
126
332
22
53
65
137
57
133
304
193
16
54
508
38
155
122
606
67
442
273
84
233
22
35
35
79
47
68
176
107
7
38
355
28
109
62
404
43
94
89
35
80
3
8
19
40
15
28
51
44
6
8
86
11
42
31
125
14
260
312
66
335
5
51
17
60
35
52
147
185
9
33
247
22
72
60
320
30
51
34
8
27
2
7
5
10
5
9
17
22
1
5
34
3
11
6
37
3
46
61
18
40
5
6
4
17
7
8
24
22
2
3
40
2
13
11
49
6
43
43
21
14
9
3
13
35
13
15
28
18
3
10
31
5
20
13
43
13
155
76
34
58
17
20
29
75
17
43
64
43
5
16
64
19
42
37
73
27
72
33
20
28
7
10
8
26
5
22
19
15
4
11
28
7
11
11
44
4
137
75
28
64
6
4
21
59
16
35
49
36
8
15
90
14
30
30
104
26
277
172
54
145
13
31
28
80
29
68
108
83
5
23
152
17
51
49
173
37
184
186
30
149
7
19
16
48
19
37
92
103
15
12
179
7
51
51
194
19
20
14
2
9
1
2
1
8
1
3
10
10
1
1
16
1
4
4
19
5
65
35
21
22
6
2
11
15
3
23
27
12
2
4
47
3
11
9
44
9
475
336
97
355
23
56
28
74
26
84
189
227
22
37
392
23
97
75
427
45
33
31
16
18
1
5
9
15
9
17
19
17
1
4
28
4
7
7
24
7
153
94
39
59
12
16
24
30
15
30
50
41
2
20
101
12
39
22
116
33
98
75
27
77
9
14
20
27
13
21
34
49
5
12
60
9
33
13
79
10
753
250
87
251
30
34
30
53
45
137
153
178
17
57
593
42
93
65
898
56
74
43
21
31
6
8
10
26
8
15
37
17
2
8
43
6
25
11
61
10
