577
411
139
318
27
68
68
160
75
129
258
182
17
55
500
37
141
118
601
85
423
232
66
209
26
28
38
97
52
74
157
111
7
22
352
29
109
78
369
50
93
99
29
79
7
16
18
47
19
26
59
42
5
9
89
11
40
29
105
9
252
282
74
303
6
57
21
71
32
48
155
152
9
31
255
22
67
64
314
31
53
25
8
36
6
4
7
14
5
7
23
18
1
7
40
5
10
4
44
4
64
49
19
49
2
9
8
21
9
8
28
26
3
2
43
4
19
10
48
6
49
38
22
14
7
3
17
33
14
13
34
16
1
14
31
3
14
11
40
17
158
62
39
65
19
20
33
81
25
46
63
59
8
30
62
19
41
39
97
23
74
39
14
23
6
13
6
34
6
16
35
21
4
9
33
9
21
9
48
10
147
70
32
60
10
8
19
56
20
40
47
29
3
15
90
9
32
27
100
18
271
168
58
126
15
34
26
87
30
66
109
81
5
26
168
23
45
51
181
31
191
172
41
151
7
27
15
36
18
39
112
110
5
14
169
6
51
48
199
22
13
17
2
8
1
1
2
3
1
3
5
11
2
2
13
1
4
2
17
3
71
26
19
24
6
5
9
13
6
19
25
18
2
9
50
3
18
10
43
11
466
322
100
370
21
57
24
68
31
78
213
255
15
41
365
27
88
71
418
40
31
25
19
19
5
2
10
16
5
19
20
14
1
7
29
4
6
9
20
6
135
115
27
53
14
17
21
31
21
37
49
43
4
16
114
8
40
19
116
24
101
80
26
62
9
16
12
27
16
26
36
50
3
13
66
4
26
15
79
14
740
263
88
245
31
42
30
66
34
125
140
174
16
53
569
36
106
61
839
55
79
48
15
36
5
3
7
28
11
14
36
23
0
13
37
7
30
9
57
11
