575
400
122
314
26
62
73
156
83
108
286
170
15
51
512
37
151
129
581
70
452
267
85
214
24
43
33
99
45
75
195
106
4
33
327
31
102
75
349
43
100
104
30
74
8
15
23
43
13
19
64
53
5
11
74
10
43
26
108
21
250
283
79
283
6
61
21
58
37
50
160
171
11
37
243
20
81
71
289
41
52
31
7
33
5
3
8
21
3
12
16
18
1
4
32
4
12
4
46
6
53
61
19
51
2
10
3
22
8
11
35
34
3
7
47
4
12
10
56
5
57
47
21
17
4
4
13
28
16
18
32
20
2
11
31
5
17
13
48
18
148
63
46
66
19
22
28
77
24
40
68
53
6
27
61
21
54
42
83
35
83
39
20
25
6
10
15
37
5
20
39
15
6
8
28
1
21
11
43
11
132
74
28
60
10
9
18
64
19
43
48
40
4
17
83
14
27
27
96
18
280
176
68
138
18
38
38
100
27
77
135
79
5
25
186
22
48
59
187
36
165
167
45
144
10
27
16
44
22
37
131
111
6
15
186
7
54
42
202
22
8
13
2
7
2
2
2
3
0
4
5
9
2
1
14
1
5
3
14
4
82
36
13
26
8
8
9
13
5
15
28
16
2
12
49
2
21
13
47
10
461
308
91
370
22
54
30
61
31
70
186
248
15
44
351
22
103
74
405
47
33
29
13
16
2
6
7
19
7
17
24
12
1
4
31
4
6
9
18
7
125
120
31
65
16
17
23
33
19
38
55
42
2
18
105
16
36
18
118
26
96
82
26
80
10
17
19
25
19
23
48
53
4
16
54
5
27
14
73
13
703
256
81
250
23
43
31
55
44
139
156
183
8
64
542
37
85
56
812
53
84
55
24
26
6
6
12
26
16
17
32
23
0
10
44
2
22
11
69
11
