0.636015325670498
0.491698595146871
0.134099616858238
0.402298850574713
0.0421455938697318
0.0766283524904215
0.0727969348659004
0.192848020434227
0.0804597701149425
0.154533844189017
0.328224776500639
0.201787994891443
0.0140485312899106
0.0651340996168582
0.555555555555556
0.0383141762452107
0.150702426564496
0.144316730523627
0.729246487867177
0.0830140485312899
0.549169859514687
0.292464878671775
0.0855683269476373
0.28735632183908
0.0242656449553001
0.0408684546615581
0.0357598978288633
0.0996168582375479
0.053639846743295
0.0932311621966794
0.209450830140485
0.136653895274585
0.0102171136653895
0.0280970625798212
0.374201787994891
0.033205619412516
0.123882503192848
0.0676883780332056
0.455938697318008
0.0498084291187739
0.113665389527458
0.113665389527458
0.0255427841634738
0.0817369093231162
0.00510855683269476
0.0204342273307791
0.0217113665389527
0.0523627075351213
0.0191570881226054
0.0280970625798212
0.0651340996168582
0.0472541507024266
0.00510855683269476
0.00766283524904215
0.0945083014048531
0.0102171136653895
0.0383141762452107
0.0293742017879949
0.135376756066411
0.0178799489144317
0.315453384418902
0.363984674329502
0.0753512132822478
0.381864623243934
0.0102171136653895
0.0587484035759898
0.0268199233716475
0.0740740740740741
0.0434227330779055
0.0727969348659004
0.185185185185185
0.209450830140485
0.00893997445721584
0.0357598978288633
0.303959131545338
0.0153256704980843
0.0817369093231162
0.0676883780332056
0.390804597701149
0.0395913154533844
0.0613026819923372
0.037037037037037
0.0102171136653895
0.0434227330779055
0.00510855683269476
0.00383141762452107
0.00766283524904215
0.0140485312899106
0.00893997445721584
0.0127713920817369
0.0280970625798212
0.0153256704980843
0.00127713920817369
0.00383141762452107
0.0549169859514687
0.00383141762452107
0.0102171136653895
0.00638569604086846
0.0434227330779055
0.00383141762452107
0.0651340996168582
0.0689655172413793
0.0242656449553001
0.0587484035759898
0.00383141762452107
0.0102171136653895
0.00893997445721584
0.0242656449553001
0.0114942528735632
0.0127713920817369
0.0268199233716475
0.0357598978288633
0.00127713920817369
0.00638569604086846
0.0523627075351213
0.00638569604086846
0.0153256704980843
0.00893997445721584
0.0587484035759898
0.00638569604086846
0.0549169859514687
0.0421455938697318
0.0242656449553001
0.0178799489144317
0.00766283524904215
0.00127713920817369
0.0140485312899106
0.0395913154533844
0.0127713920817369
0.016602809706258
0.0293742017879949
0.0178799489144317
0.00127713920817369
0.0127713920817369
0.0280970625798212
0.00638569604086846
0.0127713920817369
0.0114942528735632
0.0498084291187739
0.0191570881226054
0.172413793103448
0.0766283524904215
0.0561941251596424
0.0689655172413793
0.0114942528735632
0.0255427841634738
0.033205619412516
0.0817369093231162
0.0178799489144317
0.0523627075351213
0.0817369093231162
0.0600255427841635
0.00638569604086846
0.0217113665389527
0.0600255427841635
0.0255427841634738
0.0523627075351213
0.0421455938697318
0.103448275862069
0.0344827586206897
0.0689655172413793
0.0459770114942529
0.0114942528735632
0.0357598978288633
0.00893997445721584
0.0114942528735632
0.00766283524904215
0.0357598978288633
0.00766283524904215
0.0178799489144317
0.0319284802043423
0.0255427841634738
0.00383141762452107
0.0140485312899106
0.0357598978288633
0.0102171136653895
0.0242656449553001
0.00893997445721584
0.0485312899106003
0.00893997445721584
0.162196679438059
0.0970625798212005
0.0306513409961686
0.0893997445721584
0.00638569604086846
0.00766283524904215
0.0178799489144317
0.0664112388250319
0.016602809706258
0.0561941251596424
0.0600255427841635
0.0421455938697318
0.00510855683269476
0.0204342273307791
0.0996168582375479
0.0127713920817369
0.0344827586206897
0.0306513409961686
0.122605363984674
0.0280970625798212
0.319284802043423
0.200510855683269
0.0664112388250319
0.151979565772669
0.016602809706258
0.037037037037037
0.0255427841634738
0.0957854406130268
0.0306513409961686
0.0830140485312899
0.126436781609195
0.112388250319285
0.0102171136653895
0.0229885057471264
0.177522349936143
0.0319284802043423
0.0523627075351213
0.0613026819923372
0.197956577266922
0.0319284802043423
0.237547892720307
0.194125159642401
0.0446998722860792
0.197956577266922
0.0102171136653895
0.0344827586206897
0.016602809706258
0.0523627075351213
0.0217113665389527
0.0498084291187739
0.0983397190293742
0.123882503192848
0.0102171136653895
0.0140485312899106
0.187739463601533
0.00638569604086846
0.0561941251596424
0.0510855683269476
0.22477650063857
0.0191570881226054
0.0217113665389527
0.0191570881226054
0.00127713920817369
0.00638569604086846
0.00127713920817369
0
0.00255427841634738
0.00510855683269476
0
0.00383141762452107
0.00638569604086846
0.00893997445721584
0
0
0.0153256704980843
0.00127713920817369
0.00255427841634738
0.00127713920817369
0.0191570881226054
0.00255427841634738
0.0753512132822478
0.0319284802043423
0.0127713920817369
0.0306513409961686
0.00893997445721584
0.00383141762452107
0.00893997445721584
0.0114942528735632
0.00893997445721584
0.0127713920817369
0.0255427841634738
0.0191570881226054
0.00127713920817369
0.0102171136653895
0.0549169859514687
0.00127713920817369
0.0153256704980843
0.0102171136653895
0.0587484035759898
0.0114942528735632
0.513409961685824
0.38058748403576
0.120051085568327
0.438058748403576
0.0268199233716475
0.0651340996168582
0.0319284802043423
0.0779054916985951
0.0344827586206897
0.0945083014048531
0.222222222222222
0.240102171136654
0.0178799489144317
0.0395913154533844
0.409961685823755
0.037037037037037
0.103448275862069
0.0817369093231162
0.48786717752235
0.0498084291187739
0.0383141762452107
0.0319284802043423
0.0127713920817369
0.0191570881226054
0.00255427841634738
0.00766283524904215
0.00893997445721584
0.016602809706258
0.00638569604086846
0.0191570881226054
0.033205619412516
0.0191570881226054
0.00127713920817369
0.00383141762452107
0.0357598978288633
0.00893997445721584
0.00893997445721584
0.00766283524904215
0.0268199233716475
0.00510855683269476
0.162196679438059
0.128991060025543
0.0319284802043423
0.0625798212005109
0.00893997445721584
0.016602809706258
0.0229885057471264
0.0280970625798212
0.0191570881226054
0.033205619412516
0.0498084291187739
0.0344827586206897
0.00383141762452107
0.0114942528735632
0.116219667943806
0.00638569604086846
0.0319284802043423
0.0319284802043423
0.125159642401022
0.0229885057471264
0.104725415070243
0.0855683269476373
0.0306513409961686
0.0715197956577267
0.0102171136653895
0.0204342273307791
0.0178799489144317
0.0204342273307791
0.0178799489144317
0.0153256704980843
0.0357598978288633
0.0625798212005109
0.00383141762452107
0.0140485312899106
0.0817369093231162
0.00510855683269476
0.0306513409961686
0.0114942528735632
0.102171136653895
0.0127713920817369
0.872286079182631
0.32183908045977
0.114942528735632
0.280970625798212
0.0408684546615581
0.0561941251596424
0.0293742017879949
0.0613026819923372
0.0472541507024266
0.158365261813538
0.174968071519796
0.217113665389527
0.0140485312899106
0.0689655172413793
0.694763729246488
0.0459770114942529
0.0881226053639847
0.0766283524904215
1
0.0676883780332056
0.0727969348659004
0.0421455938697318
0.0242656449553001
0.0446998722860792
0.00766283524904215
0.0114942528735632
0.00893997445721584
0.0344827586206897
0.00510855683269476
0.0204342273307791
0.0344827586206897
0.0229885057471264
0
0.0140485312899106
0.0472541507024266
0.00766283524904215
0.0229885057471264
0.00893997445721584
0.0830140485312899
0.0140485312899106
