0.64034151547492
0.447171824973319
0.130202774813234
0.356456776947705
0.0288153681963714
0.0704375667022412
0.0725720384204909
0.178228388473853
0.0821771611526147
0.12059765208111
0.312700106723586
0.217716115261473
0.0149413020277481
0.0565635005336179
0.537886872998933
0.048025613660619
0.159018143009605
0.117395944503735
0.672358591248666
0.0832443970117396
0.473852721451441
0.273212379935966
0.0768409818569904
0.226254002134472
0.0298826040554963
0.0330843116328709
0.0352187833511206
0.101387406616862
0.0533617929562433
0.0747065101387407
0.198505869797225
0.11632870864461
0.00747065101387407
0.0245464247598719
0.367129135538954
0.0309498399146211
0.113127001067236
0.0768409818569904
0.414087513340448
0.0490928495197439
0.102454642475987
0.11632870864461
0.032017075773746
0.0853788687299893
0.00426894343649947
0.0181430096051227
0.0277481323372465
0.0544290288153682
0.0106723585912487
0.0202774813233725
0.0651013874066169
0.0565635005336179
0.0064034151547492
0.0138740661686233
0.0917822838847385
0.0096051227321238
0.048025613660619
0.0245464247598719
0.11846318036286
0.0202774813233725
0.293489861259338
0.328708644610459
0.0896478121664888
0.310565635005336
0.0117395944503735
0.0586979722518677
0.0170757737459979
0.0757737459978655
0.0384204909284952
0.064034151547492
0.164354322305229
0.187833511205977
0.0138740661686233
0.0362860192102455
0.252934898612593
0.0245464247598719
0.0789754535752401
0.0683030949839915
0.304162219850587
0.0437566702241195
0.048025613660619
0.0362860192102455
0.00426894343649947
0.0384204909284952
0.00106723585912487
0.0032017075773746
0.0064034151547492
0.016008537886873
0.0032017075773746
0.0117395944503735
0.0192102454642476
0.0245464247598719
0.00106723585912487
0.00533617929562433
0.0405549626467449
0.0032017075773746
0.0117395944503735
0.00533617929562433
0.0554962646744931
0.0064034151547492
0.0651013874066169
0.0608324439701174
0.0213447171824973
0.0501600853788687
0.0032017075773746
0.00747065101387407
0.00533617929562433
0.0288153681963714
0.0064034151547492
0.0128068303094984
0.0309498399146211
0.0277481323372465
0.0032017075773746
0.00426894343649947
0.0501600853788687
0.00533617929562433
0.00747065101387407
0.0128068303094984
0.0544290288153682
0.00533617929562433
0.0608324439701174
0.0512273212379936
0.0234791889007471
0.0224119530416222
0.00533617929562433
0.00533617929562433
0.0106723585912487
0.0277481323372465
0.0138740661686233
0.0149413020277481
0.0298826040554963
0.0181430096051227
0.00213447171824973
0.0117395944503735
0.0298826040554963
0.0032017075773746
0.0202774813233725
0.0096051227321238
0.0469583778014941
0.0170757737459979
0.172892209178228
0.0779082177161153
0.0448239060832444
0.0597652081109925
0.0106723585912487
0.0213447171824973
0.0277481323372465
0.0843116328708645
0.0213447171824973
0.0426894343649947
0.0704375667022412
0.0533617929562433
0.00533617929562433
0.0298826040554963
0.0747065101387407
0.0224119530416222
0.0597652081109925
0.0469583778014941
0.0971184631803629
0.0394877267876201
0.0864461045891142
0.0458911419423693
0.0213447171824973
0.0266808964781217
0.00426894343649947
0.0149413020277481
0.0138740661686233
0.0245464247598719
0.00747065101387407
0.0192102454642476
0.032017075773746
0.0213447171824973
0.00213447171824973
0.0096051227321238
0.0362860192102455
0.0032017075773746
0.0181430096051227
0.0106723585912487
0.0458911419423693
0.0106723585912487
0.137673425827108
0.0757737459978655
0.032017075773746
0.0586979722518677
0.0106723585912487
0.0117395944503735
0.0181430096051227
0.0715048025613661
0.0181430096051227
0.0416221985058698
0.0469583778014941
0.0405549626467449
0.00426894343649947
0.0202774813233725
0.0885805763073639
0.00853788687299893
0.0256136606189968
0.0245464247598719
0.121664887940235
0.0224119530416222
0.298826040554963
0.172892209178228
0.0661686232657417
0.152614727854856
0.0170757737459979
0.0309498399146211
0.0362860192102455
0.0917822838847385
0.0309498399146211
0.0768409818569904
0.124866595517609
0.0992529348986126
0.00853788687299893
0.0277481323372465
0.194236926360726
0.0234791889007471
0.048025613660619
0.0576307363927428
0.204909284951974
0.0437566702241195
0.1974386339381
0.181430096051227
0.0490928495197439
0.200640341515475
0.0117395944503735
0.032017075773746
0.0128068303094984
0.0405549626467449
0.0202774813233725
0.0394877267876201
0.11632870864461
0.113127001067236
0.00853788687299893
0.0106723585912487
0.186766275346852
0.00533617929562433
0.0512273212379936
0.0458911419423693
0.217716115261473
0.0213447171824973
0.0181430096051227
0.0128068303094984
0.00213447171824973
0.0128068303094984
0.00213447171824973
0.00213447171824973
0.00213447171824973
0.00533617929562433
0
0.0032017075773746
0.0064034151547492
0.0096051227321238
0
0.00106723585912487
0.0170757737459979
0.00106723585912487
0.00213447171824973
0.00426894343649947
0.0149413020277481
0.0032017075773746
0.0789754535752401
0.0394877267876201
0.0138740661686233
0.0245464247598719
0.00747065101387407
0.00426894343649947
0.00747065101387407
0.0138740661686233
0.0096051227321238
0.0170757737459979
0.0288153681963714
0.0181430096051227
0.00213447171824973
0.0117395944503735
0.0469583778014941
0.0032017075773746
0.0170757737459979
0.0096051227321238
0.0565635005336179
0.0096051227321238
0.513340448239061
0.332977588046958
0.113127001067236
0.381003201707577
0.0277481323372465
0.0597652081109925
0.032017075773746
0.0779082177161153
0.0362860192102455
0.0704375667022412
0.218783351120598
0.242262540021345
0.0213447171824973
0.0362860192102455
0.395944503735326
0.0170757737459979
0.108858057630736
0.0672358591248666
0.441835645677695
0.0522945570971185
0.0437566702241195
0.0352187833511206
0.0128068303094984
0.016008537886873
0.00213447171824973
0.0064034151547492
0.00853788687299893
0.0192102454642476
0.0096051227321238
0.0117395944503735
0.0202774813233725
0.0192102454642476
0
0.0032017075773746
0.0330843116328709
0.00533617929562433
0.00747065101387407
0.00747065101387407
0.0202774813233725
0.00853788687299893
0.146211312700107
0.110992529348986
0.0341515474919957
0.0683030949839915
0.0149413020277481
0.0149413020277481
0.0245464247598719
0.032017075773746
0.0181430096051227
0.0394877267876201
0.0522945570971185
0.0405549626467449
0.00106723585912487
0.0181430096051227
0.107790821771612
0.0128068303094984
0.032017075773746
0.0202774813233725
0.132337246531483
0.0256136606189968
0.0981856990394877
0.0715048025613661
0.0298826040554963
0.0789754535752401
0.00853788687299893
0.0181430096051227
0.0213447171824973
0.0192102454642476
0.0192102454642476
0.0245464247598719
0.0448239060832444
0.0458911419423693
0.00426894343649947
0.0192102454642476
0.0544290288153682
0.0064034151547492
0.0266808964781217
0.0192102454642476
0.0736392742796158
0.016008537886873
0.792956243329776
0.271077908217716
0.107790821771612
0.264674493062967
0.0330843116328709
0.0469583778014941
0.0341515474919957
0.0683030949839915
0.0426894343649947
0.154749199573106
0.183564567769477
0.193169690501601
0.0128068303094984
0.0651013874066169
0.6008537886873
0.0501600853788687
0.0907150480256137
0.064034151547492
1
0.0704375667022412
0.0949839914621131
0.0501600853788687
0.0277481323372465
0.0362860192102455
0.0096051227321238
0.0064034151547492
0.0106723585912487
0.0330843116328709
0.0128068303094984
0.0202774813233725
0.0437566702241195
0.0192102454642476
0.00213447171824973
0.016008537886873
0.0437566702241195
0.0064034151547492
0.0234791889007471
0.0106723585912487
0.080042689434365
0.0117395944503735
