0.622572815533981
0.478155339805825
0.141990291262136
0.384708737864078
0.0315533980582524
0.0728155339805825
0.0679611650485437
0.174757281553398
0.0752427184466019
0.138349514563107
0.319174757281553
0.223300970873786
0.0145631067961165
0.058252427184466
0.570388349514563
0.0400485436893204
0.161407766990291
0.134708737864078
0.696601941747573
0.0679611650485437
0.524271844660194
0.283980582524272
0.0691747572815534
0.268203883495146
0.0279126213592233
0.0364077669902913
0.029126213592233
0.0800970873786408
0.0546116504854369
0.0910194174757282
0.196601941747573
0.125
0.00970873786407767
0.0242718446601942
0.37621359223301
0.0351941747572816
0.095873786407767
0.0740291262135922
0.450242718446602
0.0461165048543689
0.0983009708737864
0.111650485436893
0.0254854368932039
0.0825242718446602
0.00485436893203883
0.0145631067961165
0.0218446601941748
0.0461165048543689
0.0145631067961165
0.0279126213592233
0.066747572815534
0.0449029126213592
0.00485436893203883
0.00849514563106796
0.0995145631067961
0.0157766990291262
0.0436893203883495
0.0303398058252427
0.129854368932039
0.0145631067961165
0.298543689320388
0.337378640776699
0.087378640776699
0.361650485436893
0.00849514563106796
0.0533980582524272
0.0169902912621359
0.0813106796116505
0.0497572815533981
0.0546116504854369
0.169902912621359
0.226941747572816
0.0121359223300971
0.0315533980582524
0.276699029126214
0.0254854368932039
0.0788834951456311
0.0813106796116505
0.33252427184466
0.0351941747572816
0.0691747572815534
0.0364077669902913
0.00606796116504854
0.0364077669902913
0.00364077669902913
0.00849514563106796
0.0109223300970874
0.00970873786407767
0.00606796116504854
0.00970873786407767
0.0266990291262136
0.0169902912621359
0.00242718446601942
0.00242718446601942
0.0461165048543689
0.00606796116504854
0.00849514563106796
0.00485436893203883
0.0412621359223301
0.00606796116504854
0.0570388349514563
0.0655339805825243
0.0169902912621359
0.0497572815533981
0.00364077669902913
0.0133495145631068
0.00849514563106796
0.0194174757281553
0.00485436893203883
0.00849514563106796
0.0303398058252427
0.0327669902912621
0.00364077669902913
0.00485436893203883
0.0449029126213592
0.00364077669902913
0.0218446601941748
0.0182038834951456
0.0594660194174757
0.00485436893203883
0.0618932038834951
0.0351941747572816
0.020631067961165
0.0157766990291262
0.00728155339805825
0.00121359223300971
0.0194174757281553
0.0351941747572816
0.00728155339805825
0.0157766990291262
0.0400485436893204
0.0145631067961165
0.00364077669902913
0.00970873786407767
0.0279126213592233
0.00728155339805825
0.00970873786407767
0.00728155339805825
0.0461165048543689
0.0194174757281553
0.196601941747573
0.0776699029126214
0.0388349514563107
0.0703883495145631
0.0169902912621359
0.0242718446601942
0.0303398058252427
0.0788834951456311
0.0194174757281553
0.0497572815533981
0.0728155339805825
0.058252427184466
0.00728155339805825
0.0230582524271845
0.0679611650485437
0.0242718446601942
0.037621359223301
0.037621359223301
0.101941747572816
0.0315533980582524
0.0837378640776699
0.0400485436893204
0.0121359223300971
0.0315533980582524
0.00849514563106796
0.0109223300970874
0.0121359223300971
0.029126213592233
0.00849514563106796
0.0194174757281553
0.0266990291262136
0.0133495145631068
0.00606796116504854
0.00606796116504854
0.0449029126213592
0.00970873786407767
0.020631067961165
0.0133495145631068
0.0461165048543689
0.00970873786407767
0.140776699029126
0.0776699029126214
0.0279126213592233
0.0740291262135922
0.0121359223300971
0.00970873786407767
0.0133495145631068
0.0679611650485437
0.0145631067961165
0.0412621359223301
0.0606796116504854
0.0388349514563107
0.00606796116504854
0.0157766990291262
0.0922330097087379
0.0182038834951456
0.029126213592233
0.0339805825242718
0.0983009708737864
0.0169902912621359
0.305825242718447
0.186893203883495
0.0655339805825243
0.132281553398058
0.020631067961165
0.0364077669902913
0.0266990291262136
0.120145631067961
0.0303398058252427
0.066747572815534
0.129854368932039
0.116504854368932
0.00849514563106796
0.029126213592233
0.179611650485437
0.0303398058252427
0.0546116504854369
0.0485436893203883
0.213592233009709
0.0412621359223301
0.214805825242718
0.218446601941748
0.0436893203883495
0.171116504854369
0.00728155339805825
0.029126213592233
0.0157766990291262
0.058252427184466
0.020631067961165
0.0351941747572816
0.120145631067961
0.116504854368932
0.00485436893203883
0.0157766990291262
0.202669902912621
0.00970873786407767
0.0533980582524272
0.0533980582524272
0.233009708737864
0.0266990291262136
0.020631067961165
0.0194174757281553
0.00606796116504854
0.00970873786407767
0.00121359223300971
0.00242718446601942
0.00242718446601942
0.00970873786407767
0.00121359223300971
0.00485436893203883
0.00849514563106796
0.0121359223300971
0
0.00121359223300971
0.0182038834951456
0
0.00364077669902913
0.00364077669902913
0.0145631067961165
0.00606796116504854
0.066747572815534
0.0303398058252427
0.0157766990291262
0.0266990291262136
0.00970873786407767
0.00364077669902913
0.00970873786407767
0.0157766990291262
0.00606796116504854
0.0169902912621359
0.0254854368932039
0.0169902912621359
0.00242718446601942
0.0109223300970874
0.0485436893203883
0.00485436893203883
0.0182038834951456
0.00970873786407767
0.0509708737864078
0.00606796116504854
0.507281553398058
0.348300970873786
0.112864077669903
0.418689320388349
0.020631067961165
0.0570388349514563
0.0315533980582524
0.0691747572815534
0.037621359223301
0.0679611650485437
0.203883495145631
0.268203883495146
0.0254854368932039
0.0424757281553398
0.433252427184466
0.0279126213592233
0.0946601941747573
0.0813106796116505
0.493932038834951
0.0618932038834951
0.0424757281553398
0.0327669902912621
0.0145631067961165
0.0327669902912621
0.00485436893203883
0.00606796116504854
0.0145631067961165
0.0182038834951456
0.00849514563106796
0.020631067961165
0.0266990291262136
0.020631067961165
0.00242718446601942
0.00606796116504854
0.0254854368932039
0.00364077669902913
0.00970873786407767
0.00970873786407767
0.0303398058252427
0.0121359223300971
0.150485436893204
0.0922330097087379
0.0400485436893204
0.0716019417475728
0.0109223300970874
0.0182038834951456
0.0169902912621359
0.0230582524271845
0.00970873786407767
0.029126213592233
0.0618932038834951
0.0436893203883495
0.00242718446601942
0.00849514563106796
0.118932038834951
0.0145631067961165
0.029126213592233
0.0169902912621359
0.121359223300971
0.0279126213592233
0.0995145631067961
0.0946601941747573
0.029126213592233
0.0898058252427184
0.00728155339805825
0.020631067961165
0.0145631067961165
0.0242718446601942
0.0145631067961165
0.0242718446601942
0.037621359223301
0.0497572815533981
0.00485436893203883
0.0157766990291262
0.0655339805825243
0.0121359223300971
0.0279126213592233
0.0145631067961165
0.0764563106796116
0.0157766990291262
0.854368932038835
0.305825242718447
0.114077669902913
0.253640776699029
0.0327669902912621
0.0473300970873786
0.0339805825242718
0.0728155339805825
0.0618932038834951
0.149271844660194
0.184466019417476
0.189320388349515
0.0230582524271845
0.0728155339805825
0.639563106796116
0.0485436893203883
0.087378640776699
0.0606796116504854
1
0.0606796116504854
0.0837378640776699
0.0473300970873786
0.0230582524271845
0.0436893203883495
0.00728155339805825
0.00728155339805825
0.00849514563106796
0.0315533980582524
0.00728155339805825
0.0194174757281553
0.0351941747572816
0.0254854368932039
0.00242718446601942
0.00849514563106796
0.0315533980582524
0.00485436893203883
0.0279126213592233
0.0109223300970874
0.0813106796116505
0.00970873786407767
