0.71497005988024
0.494610778443114
0.143712574850299
0.411976047904192
0.0383233532934132
0.081437125748503
0.0826347305389222
0.197604790419162
0.0706586826347305
0.136526946107784
0.346107784431138
0.217964071856287
0.0155688622754491
0.0550898203592814
0.586826347305389
0.0502994011976048
0.18562874251497
0.144910179640719
0.753293413173653
0.0862275449101796
0.526946107784431
0.293413173652695
0.0862275449101796
0.28502994011976
0.0347305389221557
0.0455089820359281
0.0275449101796407
0.101796407185629
0.0622754491017964
0.0706586826347305
0.202395209580838
0.148502994011976
0.00838323353293413
0.0275449101796407
0.419161676646707
0.0347305389221557
0.108982035928144
0.0922155688622754
0.425149700598802
0.0538922155688623
0.118562874251497
0.124550898203593
0.0287425149700599
0.0994011976047904
0.00718562874251497
0.0155688622754491
0.0191616766467066
0.0395209580838323
0.0143712574850299
0.0263473053892216
0.0634730538922156
0.0526946107784431
0.00359281437125748
0.00838323353293413
0.0850299401197605
0.00718562874251497
0.029940119760479
0.0275449101796407
0.120958083832335
0.0167664670658683
0.347305389221557
0.364071856287425
0.0838323353293413
0.374850299401198
0.0107784431137725
0.0586826347305389
0.0227544910179641
0.0718562874251497
0.0538922155688623
0.0622754491017964
0.197604790419162
0.217964071856287
0.0131736526946108
0.0383233532934132
0.294610778443114
0.0263473053892216
0.0934131736526946
0.0754491017964072
0.382035928143713
0.037125748502994
0.0610778443113772
0.0419161676646707
0.00598802395209581
0.0550898203592814
0.00718562874251497
0.00479041916167665
0.00718562874251497
0.0119760479041916
0
0.00958083832335329
0.0167664670658683
0.0167664670658683
0.00239520958083832
0.00239520958083832
0.051497005988024
0.00598802395209581
0.00838323353293413
0.00718562874251497
0.0586826347305389
0.00359281437125748
0.081437125748503
0.0598802395209581
0.0287425149700599
0.0550898203592814
0.00479041916167665
0.00838323353293413
0.00598802395209581
0.0203592814371257
0.00838323353293413
0.0107784431137725
0.0395209580838323
0.029940119760479
0.00239520958083832
0.00359281437125748
0.0574850299401198
0.00598802395209581
0.0131736526946108
0.00958083832335329
0.0562874251497006
0.00479041916167665
0.0526946107784431
0.0287425149700599
0.0131736526946108
0.0179640718562874
0.00598802395209581
0.00598802395209581
0.0131736526946108
0.0323353293413174
0.0155688622754491
0.0191616766467066
0.037125748502994
0.0191616766467066
0.00359281437125748
0.0107784431137725
0.0311377245508982
0.00359281437125748
0.0131736526946108
0.00838323353293413
0.0467065868263473
0.0179640718562874
0.179640718562874
0.081437125748503
0.0359281437125748
0.0658682634730539
0.0191616766467066
0.0251497005988024
0.0335329341317365
0.0862275449101796
0.0251497005988024
0.0407185628742515
0.0682634730538922
0.0622754491017964
0.00958083832335329
0.0311377245508982
0.0622754491017964
0.0227544910179641
0.0467065868263473
0.0407185628742515
0.108982035928144
0.0263473053892216
0.106586826347305
0.037125748502994
0.0191616766467066
0.029940119760479
0.00718562874251497
0.0155688622754491
0.00958083832335329
0.037125748502994
0.00359281437125748
0.0191616766467066
0.0323353293413174
0.0215568862275449
0.00359281437125748
0.00958083832335329
0.0455089820359281
0.00838323353293413
0.0215568862275449
0.0155688622754491
0.044311377245509
0.00838323353293413
0.146107784431138
0.0826347305389222
0.029940119760479
0.0766467065868263
0.00958083832335329
0.0119760479041916
0.0215568862275449
0.0706586826347305
0.0179640718562874
0.0419161676646707
0.0562874251497006
0.0479041916167665
0.00359281437125748
0.0191616766467066
0.0994011976047904
0.0155688622754491
0.0287425149700599
0.0263473053892216
0.119760479041916
0.0179640718562874
0.331736526946108
0.207185628742515
0.0682634730538922
0.161676646706587
0.0191616766467066
0.0395209580838323
0.0191616766467066
0.10059880239521
0.0335329341317365
0.0850299401197605
0.150898203592814
0.102994011976048
0.00598802395209581
0.0275449101796407
0.2
0.0275449101796407
0.051497005988024
0.0574850299401198
0.240718562874252
0.0479041916167665
0.235928143712575
0.201197604790419
0.0467065868263473
0.18562874251497
0.0131736526946108
0.0263473053892216
0.0227544910179641
0.0491017964071856
0.0311377245508982
0.0467065868263473
0.132934131736527
0.136526946107784
0.00718562874251497
0.0119760479041916
0.222754491017964
0.00598802395209581
0.0598802395209581
0.0526946107784431
0.233532934131737
0.0239520958083832
0.0143712574850299
0.0155688622754491
0.00239520958083832
0.0107784431137725
0.00119760479041916
0.00119760479041916
0.00119760479041916
0.00718562874251497
0
0.00479041916167665
0.00479041916167665
0.00598802395209581
0.00239520958083832
0.00119760479041916
0.0167664670658683
0.00119760479041916
0.00359281437125748
0.00479041916167665
0.0167664670658683
0.00598802395209581
0.0790419161676647
0.0275449101796407
0.0167664670658683
0.0251497005988024
0.00598802395209581
0.00598802395209581
0.00838323353293413
0.0107784431137725
0.00718562874251497
0.0179640718562874
0.0383233532934132
0.0167664670658683
0.00359281437125748
0.00958083832335329
0.0491017964071856
0.00359281437125748
0.0227544910179641
0.0107784431137725
0.0574850299401198
0.00479041916167665
0.560479041916168
0.394011976047904
0.107784431137725
0.452694610778443
0.0263473053892216
0.067065868263473
0.0275449101796407
0.0754491017964072
0.037125748502994
0.0826347305389222
0.241916167664671
0.279041916167665
0.0167664670658683
0.0419161676646707
0.445508982035928
0.0323353293413174
0.110179640718563
0.0862275449101796
0.487425149700599
0.0550898203592814
0.0431137724550898
0.0323353293413174
0.0119760479041916
0.0263473053892216
0.00598802395209581
0.00598802395209581
0.0155688622754491
0.0203592814371257
0.00838323353293413
0.0203592814371257
0.0215568862275449
0.0203592814371257
0.00119760479041916
0.00598802395209581
0.0323353293413174
0.00598802395209581
0.00718562874251497
0.00598802395209581
0.0323353293413174
0.00838323353293413
0.14251497005988
0.118562874251497
0.029940119760479
0.0754491017964072
0.0131736526946108
0.0191616766467066
0.0143712574850299
0.0251497005988024
0.0167664670658683
0.0431137724550898
0.0550898203592814
0.051497005988024
0.00119760479041916
0.0167664670658683
0.122155688622754
0.0119760479041916
0.0311377245508982
0.0167664670658683
0.150898203592814
0.0251497005988024
0.116167664670659
0.0946107784431138
0.0323353293413174
0.0850299401197605
0.00479041916167665
0.0167664670658683
0.00958083832335329
0.0203592814371257
0.0191616766467066
0.0263473053892216
0.0526946107784431
0.0562874251497006
0.00359281437125748
0.0155688622754491
0.0646706586826347
0.00838323353293413
0.029940119760479
0.0119760479041916
0.0922155688622754
0.0131736526946108
0.897005988023952
0.31377245508982
0.10059880239521
0.304191616766467
0.0311377245508982
0.0491017964071856
0.0287425149700599
0.0682634730538922
0.0550898203592814
0.165269461077844
0.179640718562874
0.220359281437126
0.0131736526946108
0.074251497005988
0.692215568862275
0.0479041916167665
0.0898203592814371
0.0694610778443114
1
0.0598802395209581
0.0802395209580838
0.0550898203592814
0.0227544910179641
0.0347305389221557
0.00359281437125748
0.00718562874251497
0.00598802395209581
0.0251497005988024
0.0155688622754491
0.0167664670658683
0.0431137724550898
0.0239520958083832
0.00239520958083832
0.0119760479041916
0.0550898203592814
0.00718562874251497
0.0311377245508982
0.0131736526946108
0.0622754491017964
0.00718562874251497
