541
398
118
285
22
63
70
150
73
119
281
179
15
43
446
42
146
132
597
73
414
238
64
216
27
33
33
84
51
70
157
97
7
22
357
31
93
71
329
44
90
108
29
82
4
14
20
51
18
26
55
42
5
15
79
11
46
35
107
14
244
284
64
303
9
43
21
66
33
49
135
165
12
29
217
21
65
66
289
26
54
30
8
34
5
5
6
16
7
8
19
17
1
6
33
4
11
6
44
2
63
41
18
37
2
4
7
21
8
11
29
23
2
2
44
4
16
11
54
7
55
40
22
19
6
4
21
39
15
14
24
19
3
10
28
4
22
13
44
18
163
55
40
52
15
21
32
69
20
38
65
38
7
29
65
19
50
39
98
30
80
38
17
28
7
13
14
31
9
19
26
28
2
11
26
8
15
12
39
7
128
68
29
62
10
9
19
61
20
39
41
32
5
17
84
10
25
29
103
15
269
152
57
118
17
22
34
75
31
72
100
69
7
26
152
20
47
48
172
39
162
164
41
142
13
27
16
47
19
37
89
95
4
7
157
7
44
46
181
20
14
13
3
8
1
3
3
7
0
3
8
9
1
2
18
2
4
4
11
4
61
31
19
21
6
8
13
16
10
16
20
19
4
7
36
5
16
6
50
14
458
303
108
353
23
53
28
60
32
62
177
205
19
44
351
26
93
67
395
38
33
27
21
18
2
5
12
15
6
15
20
18
1
2
36
1
9
8
25
9
145
91
34
55
12
14
21
24
12
39
54
40
2
21
100
14
33
20
112
25
91
89
37
73
9
16
17
18
14
29
48
40
4
17
62
10
25
18
82
15
678
243
103
209
29
43
26
70
45
123
146
167
15
55
575
37
83
78
790
59
73
37
23
31
6
8
7
25
7
17
33
18
2
14
36
8
28
9
75
12
