0.698245614035088
0.48187134502924
0.140350877192982
0.401169590643275
0.0269005847953216
0.0654970760233918
0.0807017543859649
0.187134502923977
0.0912280701754386
0.141520467836257
0.378947368421053
0.215204678362573
0.0128654970760234
0.0619883040935673
0.629239766081871
0.0456140350877193
0.187134502923977
0.152046783625731
0.734502923976608
0.0947368421052632
0.543859649122807
0.314619883040936
0.0947368421052632
0.291228070175439
0.0280701754385965
0.047953216374269
0.0409356725146199
0.112280701754386
0.0573099415204678
0.0935672514619883
0.207017543859649
0.123976608187135
0.00818713450292398
0.0350877192982456
0.431578947368421
0.0385964912280702
0.134502923976608
0.0818713450292398
0.442105263157895
0.0491228070175439
0.112280701754386
0.12280701754386
0.0362573099415205
0.0842105263157895
0.00701754385964912
0.0198830409356725
0.0257309941520468
0.0584795321637427
0.0187134502923977
0.0280701754385965
0.0678362573099415
0.0573099415204678
0.00467836257309942
0.00935672514619883
0.104093567251462
0.0128654970760234
0.0502923976608187
0.0304093567251462
0.136842105263158
0.016374269005848
0.308771929824561
0.389473684210526
0.095906432748538
0.395321637426901
0.00701754385964912
0.0725146198830409
0.0233918128654971
0.0807017543859649
0.0456140350877193
0.0584795321637427
0.183625730994152
0.204678362573099
0.0140350877192982
0.0362573099415205
0.290058479532164
0.0292397660818713
0.0853801169590643
0.0912280701754386
0.412865497076023
0.047953216374269
0.0608187134502924
0.0374269005847953
0.00935672514619883
0.0374269005847953
0.00701754385964912
0.00350877192982456
0.0105263157894737
0.0187134502923977
0.00701754385964912
0.0116959064327485
0.0175438596491228
0.0210526315789474
0.00116959064327485
0.00584795321637427
0.0362573099415205
0.00350877192982456
0.0152046783625731
0.00467836257309942
0.047953216374269
0.00467836257309942
0.0526315789473684
0.0619883040935673
0.0187134502923977
0.0596491228070175
0.00350877192982456
0.0105263157894737
0.00584795321637427
0.0292397660818713
0.00935672514619883
0.0116959064327485
0.0362573099415205
0.0421052631578947
0.00350877192982456
0.00701754385964912
0.0538011695906433
0.00467836257309942
0.0116959064327485
0.0140350877192982
0.0654970760233918
0.00467836257309942
0.0538011695906433
0.0526315789473684
0.0245614035087719
0.0210526315789474
0.00701754385964912
0.00233918128654971
0.0152046783625731
0.0304093567251462
0.0152046783625731
0.0233918128654971
0.0362573099415205
0.0222222222222222
0.00116959064327485
0.0105263157894737
0.0327485380116959
0.00818713450292398
0.016374269005848
0.0175438596491228
0.0596491228070175
0.0233918128654971
0.191812865497076
0.0865497076023392
0.0514619883040936
0.0830409356725146
0.0187134502923977
0.0233918128654971
0.0327485380116959
0.0923976608187135
0.0257309941520468
0.0467836257309941
0.0853801169590643
0.064327485380117
0.00350877192982456
0.0245614035087719
0.0842105263157895
0.0292397660818713
0.0584795321637427
0.0467836257309941
0.102923976608187
0.0374269005847953
0.0888888888888889
0.0432748538011696
0.0210526315789474
0.0362573099415205
0.00935672514619883
0.0128654970760234
0.0116959064327485
0.0374269005847953
0.00350877192982456
0.0245614035087719
0.0350877192982456
0.0257309941520468
0.00584795321637427
0.00935672514619883
0.0339181286549708
0.00584795321637427
0.0245614035087719
0.0128654970760234
0.0514619883040936
0.00935672514619883
0.168421052631579
0.0900584795321637
0.0339181286549708
0.0795321637426901
0.00818713450292398
0.00818713450292398
0.0198830409356725
0.0748538011695906
0.0175438596491228
0.047953216374269
0.0608187134502924
0.0467836257309941
0.00467836257309942
0.016374269005848
0.087719298245614
0.0198830409356725
0.0362573099415205
0.0304093567251462
0.112280701754386
0.0245614035087719
0.367251461988304
0.216374269005848
0.0795321637426901
0.170760233918129
0.0175438596491228
0.0374269005847953
0.0432748538011696
0.108771929824561
0.0292397660818713
0.0713450292397661
0.147368421052632
0.107602339181287
0.0105263157894737
0.0292397660818713
0.195321637426901
0.0315789473684211
0.056140350877193
0.0678362573099415
0.212865497076023
0.0467836257309941
0.207017543859649
0.212865497076023
0.0514619883040936
0.208187134502924
0.0105263157894737
0.0315789473684211
0.0210526315789474
0.056140350877193
0.0269005847953216
0.0538011695906433
0.135672514619883
0.135672514619883
0.00701754385964912
0.00935672514619883
0.208187134502924
0.00701754385964912
0.0596491228070175
0.047953216374269
0.251461988304094
0.0233918128654971
0.0175438596491228
0.0152046783625731
0.00233918128654971
0.00467836257309942
0.00233918128654971
0
0.00116959064327485
0.00350877192982456
0
0.00350877192982456
0.00584795321637427
0.0116959064327485
0.00233918128654971
0.00233918128654971
0.0233918128654971
0.00233918128654971
0.00584795321637427
0.00350877192982456
0.0128654970760234
0.00467836257309942
0.0947368421052632
0.0350877192982456
0.0152046783625731
0.0269005847953216
0.0105263157894737
0.00467836257309942
0.00701754385964912
0.0140350877192982
0.0105263157894737
0.0210526315789474
0.0339181286549708
0.0187134502923977
0.00233918128654971
0.0116959064327485
0.0549707602339181
0.00350877192982456
0.0233918128654971
0.0128654970760234
0.047953216374269
0.0116959064327485
0.557894736842105
0.388304093567251
0.119298245614035
0.454970760233918
0.0198830409356725
0.0631578947368421
0.0327485380116959
0.0783625730994152
0.0327485380116959
0.087719298245614
0.218713450292398
0.295906432748538
0.0210526315789474
0.0502923976608187
0.428070175438596
0.0327485380116959
0.111111111111111
0.102923976608187
0.511111111111111
0.0538011695906433
0.0456140350877193
0.0374269005847953
0.0198830409356725
0.0152046783625731
0.00350877192982456
0.0105263157894737
0.00818713450292398
0.0280701754385965
0.0116959064327485
0.0210526315789474
0.0269005847953216
0.0222222222222222
0.00233918128654971
0.00818713450292398
0.0362573099415205
0.00701754385964912
0.00818713450292398
0.0105263157894737
0.0292397660818713
0.00935672514619883
0.154385964912281
0.135672514619883
0.0385964912280702
0.0771929824561404
0.0152046783625731
0.0210526315789474
0.0245614035087719
0.0339181286549708
0.0187134502923977
0.039766081871345
0.064327485380117
0.0538011695906433
0
0.0222222222222222
0.134502923976608
0.0128654970760234
0.039766081871345
0.0233918128654971
0.143859649122807
0.0339181286549708
0.106432748538012
0.0947368421052632
0.0315789473684211
0.0900584795321637
0.0140350877192982
0.0210526315789474
0.0245614035087719
0.0327485380116959
0.0210526315789474
0.0233918128654971
0.0549707602339181
0.0631578947368421
0.00350877192982456
0.0210526315789474
0.0783625730994152
0.00701754385964912
0.0350877192982456
0.0175438596491228
0.0994152046783626
0.0140350877192982
0.91578947368421
0.316959064327485
0.100584795321637
0.307602339181287
0.0327485380116959
0.0467836257309941
0.0327485380116959
0.0760233918128655
0.0491228070175439
0.15906432748538
0.203508771929825
0.210526315789474
0.0152046783625731
0.0771929824561404
0.67719298245614
0.0502923976608187
0.108771929824561
0.0771929824561404
1
0.0701754385964912
0.105263157894737
0.0573099415204678
0.0245614035087719
0.0327485380116959
0.00584795321637427
0.00818713450292398
0.0116959064327485
0.0374269005847953
0.0116959064327485
0.0210526315789474
0.047953216374269
0.0245614035087719
0.00116959064327485
0.0140350877192982
0.0514619883040936
0.00935672514619883
0.0280701754385965
0.0116959064327485
0.0760233918128655
0.0105263157894737
