0.651162790697674
0.487148102815177
0.167686658506732
0.386780905752754
0.0342717258261934
0.0722154222766218
0.0905752753977968
0.182374541003672
0.0783353733170135
0.144430844553244
0.342717258261934
0.21297429620563
0.01468788249694
0.0611995104039168
0.580171358629131
0.0416156670746634
0.177478580171359
0.149326805385557
0.679314565483476
0.0832313341493268
0.532435740514076
0.305997552019584
0.104039167686659
0.276621787025704
0.0232558139534884
0.0440636474908201
0.0440636474908201
0.112607099143207
0.0624235006119951
0.0893512851897185
0.21297429620563
0.118727050183599
0.0122399020807834
0.0391676866585067
0.354957160342717
0.0244798041615667
0.12484700122399
0.0832313341493268
0.451652386780906
0.0575275397796818
0.128518971848225
0.127294981640147
0.0367197062423501
0.0979192166462668
0.00734394124847001
0.0159118727050184
0.0281517747858017
0.0648714810281518
0.0159118727050184
0.0403916768665851
0.0685434516523868
0.0489596083231334
0.00367197062423501
0.00979192166462668
0.0881272949816402
0.0134638922888617
0.0465116279069767
0.0305997552019584
0.156670746634027
0.02203182374541
0.329253365973072
0.343941248470012
0.0930232558139535
0.373317013463892
0.00611995104039168
0.0575275397796818
0.0269277845777234
0.0832313341493268
0.0428396572827417
0.0611995104039168
0.182374541003672
0.206854345165239
0.0134638922888617
0.0440636474908201
0.285189718482252
0.0232558139534884
0.0832313341493268
0.0758873929008568
0.346389228886169
0.0391676866585067
0.0758873929008568
0.0379436964504284
0.011015911872705
0.0318237454100367
0.011015911872705
0.00611995104039168
0.0134638922888617
0.02203182374541
0.00979192166462668
0.011015911872705
0.02203182374541
0.0195838433292534
0.00367197062423501
0.00489596083231334
0.0440636474908201
0.00611995104039168
0.00734394124847001
0.00734394124847001
0.0440636474908201
0.00611995104039168
0.0514075887392901
0.0624235006119951
0.025703794369645
0.0526315789473684
0.00489596083231334
0.00979192166462668
0.00611995104039168
0.0244798041615667
0.00979192166462668
0.0134638922888617
0.0367197062423501
0.0391676866585067
0.00122399020807834
0.00734394124847001
0.0489596083231334
0.00244798041615667
0.02203182374541
0.00734394124847001
0.0611995104039168
0.00489596083231334
0.0636474908200734
0.0563035495716034
0.0354957160342717
0.0159118727050184
0.00979192166462668
0.00367197062423501
0.02203182374541
0.0465116279069767
0.0208078335373317
0.0232558139534884
0.0379436964504284
0.0232558139534884
0.00367197062423501
0.01468788249694
0.0330477356181151
0.00856793145654835
0.0269277845777234
0.0208078335373317
0.0526315789473684
0.02203182374541
0.201958384332925
0.0893512851897185
0.0587515299877601
0.0856793145654835
0.02203182374541
0.025703794369645
0.0367197062423501
0.113831089351285
0.025703794369645
0.0587515299877601
0.0709914320685435
0.0563035495716034
0.00244798041615667
0.0305997552019584
0.0832313341493268
0.0232558139534884
0.0660954712362301
0.0526315789473684
0.112607099143207
0.0416156670746634
0.0905752753977968
0.0501835985312118
0.0208078335373317
0.0305997552019584
0.00734394124847001
0.0134638922888617
0.0134638922888617
0.0428396572827417
0.00856793145654835
0.0281517747858017
0.0330477356181151
0.0232558139534884
0.00734394124847001
0.0122399020807834
0.0367197062423501
0.00611995104039168
0.0232558139534884
0.0159118727050184
0.0477356181150551
0.00979192166462668
0.156670746634027
0.0905752753977968
0.0342717258261934
0.0820073439412485
0.0122399020807834
0.011015911872705
0.0281517747858017
0.0795593635250918
0.0232558139534884
0.0477356181150551
0.0673194614443084
0.0465116279069767
0.00489596083231334
0.0171358629130967
0.0869033047735618
0.018359853121175
0.0342717258261934
0.0342717258261934
0.107711138310894
0.0232558139534884
0.329253365973072
0.194614443084455
0.0795593635250918
0.143206854345165
0.0195838433292534
0.0403916768665851
0.0403916768665851
0.105263157894737
0.0342717258261934
0.0820073439412485
0.138310893512852
0.104039167686659
0.00734394124847001
0.0269277845777234
0.172582619339045
0.0305997552019584
0.0563035495716034
0.0673194614443084
0.226438188494492
0.0489596083231334
0.192166462668299
0.19828641370869
0.0465116279069767
0.171358629130967
0.0134638922888617
0.025703794369645
0.0232558139534884
0.0587515299877601
0.0232558139534884
0.0428396572827417
0.123623011015912
0.115055079559364
0.0134638922888617
0.0159118727050184
0.189718482252142
0.00734394124847001
0.0660954712362301
0.0587515299877601
0.230110159118727
0.02203182374541
0.0171358629130967
0.0171358629130967
0.00489596083231334
0.00489596083231334
0.00122399020807834
0.00122399020807834
0.00244798041615667
0.00611995104039168
0.00122399020807834
0.00489596083231334
0.00611995104039168
0.00979192166462668
0.00244798041615667
0.00122399020807834
0.02203182374541
0
0.00489596083231334
0.00122399020807834
0.0208078335373317
0.00489596083231334
0.0856793145654835
0.0379436964504284
0.025703794369645
0.025703794369645
0.0122399020807834
0.00734394124847001
0.0134638922888617
0.0159118727050184
0.00856793145654835
0.018359853121175
0.0281517747858017
0.018359853121175
0.00122399020807834
0.0122399020807834
0.0514075887392901
0.00367197062423501
0.0232558139534884
0.0171358629130967
0.0465116279069767
0.00979192166462668
0.517747858017136
0.361077111383109
0.10281517747858
0.417380660954712
0.0208078335373317
0.0501835985312118
0.0330477356181151
0.0917992656058751
0.0330477356181151
0.0697674418604651
0.201958384332925
0.263157894736842
0.018359853121175
0.0379436964504284
0.396572827417381
0.0244798041615667
0.11750305997552
0.106487148102815
0.455324357405141
0.0575275397796818
0.0367197062423501
0.0342717258261934
0.011015911872705
0.025703794369645
0.00367197062423501
0.00856793145654835
0.011015911872705
0.025703794369645
0.00734394124847001
0.02203182374541
0.0281517747858017
0.0171358629130967
0.00244798041615667
0.00856793145654835
0.0244798041615667
0.00489596083231334
0.00489596083231334
0.00856793145654835
0.0208078335373317
0.00979192166462668
0.184822521419829
0.115055079559364
0.0452876376988984
0.0807833537331701
0.0171358629130967
0.0208078335373317
0.0305997552019584
0.0318237454100367
0.0171358629130967
0.0342717258261934
0.0648714810281518
0.0367197062423501
0.00244798041615667
0.018359853121175
0.126070991432069
0.01468788249694
0.0428396572827417
0.02937576499388
0.143206854345165
0.0379436964504284
0.115055079559364
0.10281517747858
0.0416156670746634
0.0893512851897185
0.0122399020807834
0.0195838433292534
0.0232558139534884
0.0367197062423501
0.0244798041615667
0.02937576499388
0.0391676866585067
0.0648714810281518
0.00122399020807834
0.0195838433292534
0.0783353733170135
0.00611995104039168
0.0428396572827417
0.0171358629130967
0.101591187270502
0.018359853121175
0.817625458996328
0.317013463892289
0.0905752753977968
0.285189718482252
0.0367197062423501
0.0538555691554468
0.0403916768665851
0.0820073439412485
0.0587515299877601
0.160342717258262
0.20563035495716
0.188494492044064
0.0171358629130967
0.0660954712362301
0.641370869033048
0.0489596083231334
0.0991432068543452
0.0881272949816402
1
0.0636474908200734
0.0881272949816402
0.0563035495716034
0.0232558139534884
0.0477356181150551
0.00856793145654835
0.00611995104039168
0.0134638922888617
0.0318237454100367
0.0159118727050184
0.025703794369645
0.0391676866585067
0.025703794369645
0.00122399020807834
0.0159118727050184
0.0391676866585067
0.00856793145654835
0.0330477356181151
0.0171358629130967
0.0832313341493268
0.01468788249694
