476
343
101
274
13
58
51
136
66
90
233
165
9
42
400
32
101
81
491
62
372
199
58
198
19
30
23
71
35
63
138
84
5
31
293
25
80
51
303
32
81
85
16
72
2
12
16
41
12
14
46
44
6
7
63
6
30
17
100
12
253
264
68
278
6
37
13
52
30
43
119
146
8
19
214
17
68
47
262
31
40
32
5
30
5
4
6
13
6
6
12
15
1
4
29
5
10
2
36
2
44
48
12
35
3
8
3
18
10
9
29
25
3
4
31
1
11
7
41
2
35
26
17
12
6
0
9
14
7
10
14
12
2
7
20
4
14
9
36
11
119
51
38
45
15
20
16
60
17
27
53
50
4
22
58
17
33
25
77
29
56
37
10
25
4
7
9
21
4
19
25
18
1
4
25
4
17
7
31
6
101
46
21
57
7
12
12
43
15
25
35
28
2
12
69
7
16
19
81
14
214
138
45
100
12
20
16
65
21
50
90
67
5
23
141
17
35
40
143
27
146
156
37
127
10
16
11
39
16
36
78
84
5
7
153
7
42
35
184
21
14
15
2
4
0
0
4
3
1
2
3
7
1
2
10
0
2
0
11
0
61
22
14
23
7
6
6
11
6
9
16
16
2
9
42
3
9
8
36
8
360
266
80
327
16
48
19
57
23
53
148
202
13
34
291
27
79
62
352
39
22
19
9
17
2
6
6
19
6
10
15
17
1
3
23
7
5
8
19
7
123
80
21
50
14
14
9
21
4
28
39
30
3
13
73
11
19
8
92
16
67
57
25
58
3
7
10
22
12
18
33
33
1
9
44
6
17
15
51
10
602
200
83
214
25
36
22
57
29
97
120
152
11
54
485
22
65
53
736
52
59
37
22
32
3
6
4
14
10
14
25
19
0
9
37
4
19
8
56
6
