0.66548463356974
0.50709219858156
0.153664302600473
0.375886524822695
0.0342789598108747
0.0685579196217494
0.0862884160756501
0.198581560283688
0.0898345153664303
0.156028368794326
0.381796690307329
0.217494089834515
0.0200945626477541
0.0555555555555556
0.539007092198582
0.0484633569739953
0.163120567375887
0.151300236406619
0.706855791962175
0.0921985815602837
0.521276595744681
0.301418439716312
0.08274231678487
0.257683215130024
0.0224586288416076
0.0425531914893617
0.041371158392435
0.101654846335697
0.0638297872340425
0.102836879432624
0.217494089834515
0.138297872340426
0.00945626477541371
0.0378250591016548
0.392434988179669
0.033096926713948
0.126477541371158
0.0957446808510638
0.459810874704492
0.0591016548463357
0.121749408983452
0.140661938534279
0.0437352245862884
0.107565011820331
0.00472813238770686
0.0177304964539007
0.0283687943262411
0.0520094562647754
0.016548463356974
0.0295508274231678
0.0791962174940898
0.0508274231678487
0.00945626477541371
0.0141843971631206
0.100472813238771
0.0106382978723404
0.0484633569739953
0.0295508274231678
0.135933806146572
0.0200945626477541
0.293144208037825
0.34160756501182
0.101654846335697
0.32387706855792
0.0106382978723404
0.0638297872340425
0.016548463356974
0.0732860520094563
0.0508274231678487
0.0780141843971631
0.17612293144208
0.222222222222222
0.0177304964539007
0.0401891252955083
0.277777777777778
0.0200945626477541
0.0815602836879433
0.0839243498817967
0.33806146572104
0.0401891252955083
0.0650118203309693
0.049645390070922
0.00709219858156028
0.0425531914893617
0.00709219858156028
0.00709219858156028
0.0106382978723404
0.0177304964539007
0.00591016548463357
0.0141843971631206
0.0189125295508274
0.0200945626477541
0.00354609929078014
0.00472813238770686
0.0378250591016548
0.00472813238770686
0.0141843971631206
0.00709219858156028
0.0437352245862884
0.00472813238770686
0.0721040189125296
0.0685579196217494
0.016548463356974
0.0472813238770686
0.00472813238770686
0.00709219858156028
0.00591016548463357
0.0189125295508274
0.00591016548463357
0.0141843971631206
0.0472813238770686
0.0319148936170213
0.00236406619385343
0.00709219858156028
0.049645390070922
0.00709219858156028
0.0177304964539007
0.0118203309692671
0.0626477541371158
0.00472813238770686
0.0721040189125296
0.0520094562647754
0.0200945626477541
0.0177304964539007
0.008274231678487
0.00472813238770686
0.0212765957446809
0.0401891252955083
0.0141843971631206
0.0177304964539007
0.0401891252955083
0.0212765957446809
0.00591016548463357
0.0106382978723404
0.0425531914893617
0.00709219858156028
0.0236406619385343
0.0141843971631206
0.0520094562647754
0.0200945626477541
0.200945626477541
0.091016548463357
0.049645390070922
0.0626477541371158
0.0236406619385343
0.033096926713948
0.0319148936170213
0.0933806146572104
0.0236406619385343
0.0460992907801418
0.0732860520094563
0.0543735224586288
0.00591016548463357
0.033096926713948
0.0886524822695035
0.0236406619385343
0.066193853427896
0.0425531914893617
0.113475177304965
0.0425531914893617
0.0886524822695035
0.0449172576832151
0.0260047281323877
0.0378250591016548
0.008274231678487
0.0118203309692671
0.016548463356974
0.0378250591016548
0.0118203309692671
0.0260047281323877
0.0378250591016548
0.024822695035461
0.00472813238770686
0.0106382978723404
0.0342789598108747
0.00945626477541371
0.0141843971631206
0.0130023640661939
0.0508274231678487
0.00945626477541371
0.163120567375887
0.0969267139479905
0.0283687943262411
0.0839243498817967
0.0118203309692671
0.0118203309692671
0.0224586288416076
0.0839243498817967
0.0189125295508274
0.0425531914893617
0.066193853427896
0.0460992907801418
0.00709219858156028
0.0189125295508274
0.0969267139479905
0.0212765957446809
0.0366430260047281
0.0342789598108747
0.128841607565012
0.024822695035461
0.321513002364066
0.193853427895981
0.0815602836879433
0.159574468085106
0.0200945626477541
0.0366430260047281
0.0437352245862884
0.126477541371158
0.0390070921985816
0.0768321513002364
0.131205673758865
0.114657210401891
0.008274231678487
0.0212765957446809
0.196217494089835
0.0295508274231678
0.0602836879432624
0.0721040189125296
0.221040189125296
0.0460992907801418
0.222222222222222
0.197399527186761
0.0543735224586288
0.189125295508274
0.0118203309692671
0.0342789598108747
0.0224586288416076
0.0555555555555556
0.0283687943262411
0.0342789598108747
0.113475177304965
0.130023640661939
0.00709219858156028
0.0106382978723404
0.200945626477541
0.00709219858156028
0.0520094562647754
0.0543735224586288
0.23758865248227
0.0295508274231678
0.0153664302600473
0.0153664302600473
0.00472813238770686
0.0118203309692671
0.00236406619385343
0.00236406619385343
0.00354609929078014
0.00709219858156028
0.00118203309692671
0.00709219858156028
0.0130023640661939
0.0118203309692671
0.00118203309692671
0
0.0236406619385343
0.00118203309692671
0.00472813238770686
0.00591016548463357
0.0189125295508274
0.00591016548463357
0.0921985815602837
0.0449172576832151
0.0200945626477541
0.0200945626477541
0.008274231678487
0.008274231678487
0.0141843971631206
0.0200945626477541
0.008274231678487
0.024822695035461
0.0236406619385343
0.0200945626477541
0.00354609929078014
0.00945626477541371
0.0472813238770686
0.00472813238770686
0.016548463356974
0.008274231678487
0.049645390070922
0.0153664302600473
0.536643026004728
0.359338061465721
0.117021276595745
0.423167848699764
0.0307328605200946
0.0567375886524823
0.033096926713948
0.0862884160756501
0.0342789598108747
0.0933806146572104
0.218676122931442
0.245862884160756
0.0271867612293144
0.049645390070922
0.418439716312057
0.0260047281323877
0.117021276595745
0.0874704491725768
0.476359338061466
0.0602836879432624
0.0449172576832151
0.0307328605200946
0.016548463356974
0.0189125295508274
0.00354609929078014
0.00591016548463357
0.0130023640661939
0.0212765957446809
0.0118203309692671
0.0212765957446809
0.0271867612293144
0.0200945626477541
0.00118203309692671
0.00591016548463357
0.0342789598108747
0.00354609929078014
0.00591016548463357
0.00709219858156028
0.0260047281323877
0.00945626477541371
0.151300236406619
0.112293144208038
0.0472813238770686
0.0697399527186761
0.0153664302600473
0.0177304964539007
0.024822695035461
0.0271867612293144
0.0200945626477541
0.0366430260047281
0.0555555555555556
0.0484633569739953
0.00236406619385343
0.0271867612293144
0.135933806146572
0.0106382978723404
0.0390070921985816
0.0212765957446809
0.143026004728132
0.033096926713948
0.137115839243499
0.0874704491725768
0.0425531914893617
0.0957446808510638
0.00591016548463357
0.0153664302600473
0.0212765957446809
0.0295508274231678
0.0212765957446809
0.0354609929078014
0.0484633569739953
0.049645390070922
0.00472813238770686
0.0212765957446809
0.074468085106383
0.00709219858156028
0.0260047281323877
0.0141843971631206
0.0862884160756501
0.016548463356974
0.860520094562648
0.32387706855792
0.121749408983452
0.270685579196217
0.0378250591016548
0.0531914893617021
0.0390070921985816
0.0815602836879433
0.0401891252955083
0.163120567375887
0.190307328605201
0.203309692671395
0.0153664302600473
0.0638297872340425
0.66193853427896
0.0460992907801418
0.0981087470449173
0.0791962174940898
1
0.0673758865248227
0.0886524822695035
0.0626477541371158
0.0342789598108747
0.0437352245862884
0.00709219858156028
0.008274231678487
0.00945626477541371
0.0283687943262411
0.0130023640661939
0.0260047281323877
0.0425531914893617
0.0224586288416076
0.00236406619385343
0.0189125295508274
0.0531914893617021
0.00709219858156028
0.033096926713948
0.0106382978723404
0.0862884160756501
0.0130023640661939
