0.631639722863741
0.484988452655889
0.130484988452656
0.361431870669746
0.0311778290993072
0.0681293302540416
0.0704387990762125
0.170900692840647
0.0900692840646651
0.132794457274827
0.304849884526559
0.20554272517321
0.0207852193995381
0.0554272517321016
0.557736720554272
0.0392609699769053
0.130484988452656
0.1270207852194
0.687066974595843
0.0831408775981524
0.496535796766744
0.28175519630485
0.0889145496535797
0.263279445727483
0.0265588914549654
0.0415704387990762
0.0346420323325635
0.10161662817552
0.0473441108545035
0.092378752886836
0.199769053117783
0.133949191685912
0.00808314087759815
0.0288683602771363
0.387990762124711
0.0323325635103926
0.11431870669746
0.0750577367205543
0.431870669745958
0.0508083140877598
0.103926096997691
0.117782909930716
0.035796766743649
0.0889145496535797
0
0.0138568129330254
0.0196304849884527
0.0450346420323326
0.0219399538106236
0.0277136258660508
0.0762124711316397
0.0508083140877598
0.0115473441108545
0.0115473441108545
0.0773672055427252
0.0092378752886836
0.0484988452655889
0.0300230946882217
0.136258660508083
0.0184757505773672
0.295612009237875
0.348729792147806
0.081986143187067
0.321016166281755
0.0092378752886836
0.0554272517321016
0.023094688221709
0.0704387990762125
0.0392609699769053
0.0704387990762125
0.16743648960739
0.200923787528868
0.01270207852194
0.0334872979214781
0.282909930715935
0.023094688221709
0.0762124711316397
0.0727482678983834
0.338337182448037
0.0415704387990762
0.0565819861431871
0.0300230946882217
0.00808314087759815
0.0427251732101617
0.0069284064665127
0.00577367205542725
0.0092378752886836
0.0184757505773672
0.00577367205542725
0.01270207852194
0.0242494226327945
0.0207852193995381
0.0023094688221709
0.0046189376443418
0.0381062355658199
0.0069284064665127
0.0138568129330254
0.00115473441108545
0.0427251732101617
0.00346420323325635
0.0554272517321016
0.0623556581986143
0.0173210161662818
0.046189376443418
0.0046189376443418
0.00808314087759815
0.00808314087759815
0.0242494226327945
0.00346420323325635
0.0069284064665127
0.0242494226327945
0.0369515011547344
0.0046189376443418
0.00577367205542725
0.0404157043879908
0.0046189376443418
0.0150115473441109
0.00808314087759815
0.0565819861431871
0.00577367205542725
0.0496535796766744
0.0404157043879908
0.0207852193995381
0.0173210161662818
0.00808314087759815
0.00346420323325635
0.0138568129330254
0.035796766743649
0.0138568129330254
0.0184757505773672
0.0300230946882217
0.0161662817551963
0.0023094688221709
0.0092378752886836
0.035796766743649
0.00577367205542725
0.0173210161662818
0.0150115473441109
0.0519630484988453
0.0207852193995381
0.170900692840647
0.0796766743648961
0.0531177829099307
0.0727482678983834
0.0103926096997691
0.0196304849884527
0.0300230946882217
0.0831408775981524
0.0207852193995381
0.0484988452655889
0.0658198614318707
0.0531177829099307
0.00577367205542725
0.0219399538106236
0.0681293302540416
0.0242494226327945
0.0519630484988453
0.0392609699769053
0.092378752886836
0.0392609699769053
0.0750577367205543
0.0496535796766744
0.0173210161662818
0.0300230946882217
0.00346420323325635
0.01270207852194
0.01270207852194
0.0288683602771363
0.0092378752886836
0.0207852193995381
0.0334872979214781
0.0219399538106236
0.0046189376443418
0.01270207852194
0.0311778290993072
0.0103926096997691
0.0150115473441109
0.01270207852194
0.0473441108545035
0.0092378752886836
0.145496535796767
0.0900692840646651
0.0277136258660508
0.0877598152424942
0.0138568129330254
0.0069284064665127
0.0242494226327945
0.058891454965358
0.0219399538106236
0.0450346420323326
0.0612009237875289
0.0334872979214781
0.0023094688221709
0.0173210161662818
0.0842956120092379
0.0103926096997691
0.0254041570438799
0.0219399538106236
0.117782909930716
0.0207852193995381
0.287528868360277
0.203233256351039
0.0727482678983834
0.145496535796767
0.0173210161662818
0.0277136258660508
0.0288683602771363
0.0981524249422633
0.0300230946882217
0.0669745958429561
0.118937644341801
0.0993071593533487
0.0092378752886836
0.0196304849884527
0.189376443418014
0.0265588914549654
0.0531177829099307
0.0519630484988453
0.212471131639723
0.0404157043879908
0.203233256351039
0.190531177829099
0.0519630484988453
0.19284064665127
0.0150115473441109
0.0300230946882217
0.0207852193995381
0.0450346420323326
0.0196304849884527
0.035796766743649
0.102771362586605
0.102771362586605
0.00808314087759815
0.0115473441108545
0.187066974595843
0.0069284064665127
0.0496535796766744
0.0496535796766744
0.235565819861432
0.0265588914549654
0.0184757505773672
0.0184757505773672
0.00577367205542725
0.0115473441108545
0.0023094688221709
0.00346420323325635
0.00346420323325635
0.0046189376443418
0
0.00577367205542725
0.00808314087759815
0.01270207852194
0.0023094688221709
0.0023094688221709
0.0184757505773672
0
0.00346420323325635
0.0023094688221709
0.0161662817551963
0.0046189376443418
0.0831408775981524
0.0346420323325635
0.0150115473441109
0.023094688221709
0.0092378752886836
0.00577367205542725
0.0103926096997691
0.01270207852194
0.0069284064665127
0.0115473441108545
0.0288683602771363
0.0184757505773672
0.0023094688221709
0.0103926096997691
0.0450346420323326
0.00346420323325635
0.0196304849884527
0.01270207852194
0.0519630484988453
0.01270207852194
0.511547344110854
0.360277136258661
0.100461893764434
0.404157043879908
0.0254041570438799
0.046189376443418
0.0300230946882217
0.0854503464203233
0.0277136258660508
0.0866050808314088
0.227482678983834
0.263279445727483
0.0254041570438799
0.0392609699769053
0.420323325635104
0.023094688221709
0.102771362586605
0.0773672055427252
0.478060046189376
0.0450346420323326
0.035796766743649
0.0311778290993072
0.01270207852194
0.023094688221709
0.0023094688221709
0.00808314087759815
0.0069284064665127
0.0219399538106236
0.0103926096997691
0.0184757505773672
0.0184757505773672
0.0161662817551963
0
0.00577367205542725
0.0415704387990762
0.0103926096997691
0.00577367205542725
0.0069284064665127
0.0207852193995381
0.0069284064665127
0.161662817551963
0.11662817551963
0.0334872979214781
0.0542725173210162
0.0069284064665127
0.0150115473441109
0.0150115473441109
0.0242494226327945
0.0173210161662818
0.0334872979214781
0.0519630484988453
0.0300230946882217
0.00346420323325635
0.0196304849884527
0.110854503464203
0.00577367205542725
0.023094688221709
0.0219399538106236
0.132794457274827
0.023094688221709
0.113163972286374
0.0715935334872979
0.0288683602771363
0.0750577367205543
0.0069284064665127
0.0115473441108545
0.0196304849884527
0.0265588914549654
0.023094688221709
0.0207852193995381
0.0404157043879908
0.0484988452655889
0.0046189376443418
0.0173210161662818
0.0669745958429561
0.00808314087759815
0.0288683602771363
0.0184757505773672
0.0854503464203233
0.0138568129330254
0.822170900692841
0.287528868360277
0.117782909930716
0.277136258660508
0.0415704387990762
0.0531177829099307
0.0369515011547344
0.0658198614318707
0.0404157043879908
0.145496535796767
0.175519630484988
0.198614318706697
0.0150115473441109
0.0773672055427252
0.646651270207852
0.046189376443418
0.0946882217090069
0.081986143187067
1
0.0704387990762125
0.0889145496535797
0.0496535796766744
0.0277136258660508
0.0334872979214781
0.00808314087759815
0.0046189376443418
0.00808314087759815
0.0300230946882217
0.0092378752886836
0.0173210161662818
0.0404157043879908
0.0242494226327945
0.00115473441108545
0.0150115473441109
0.0554272517321016
0.0069284064665127
0.0184757505773672
0.0092378752886836
0.0854503464203233
0.0161662817551963
