0.626777251184834
0.464454976303318
0.148104265402844
0.394549763033175
0.0367298578199052
0.0746445497630332
0.0710900473933649
0.158767772511848
0.0853080568720379
0.131516587677725
0.33175355450237
0.218009478672986
0.0106635071090047
0.0675355450236967
0.568720379146919
0.0414691943127962
0.156398104265403
0.14218009478673
0.690758293838863
0.0663507109004739
0.511848341232227
0.279620853080569
0.0841232227488152
0.265402843601896
0.0296208530805687
0.0402843601895735
0.0308056872037915
0.0912322274881517
0.0627962085308057
0.0864928909952607
0.209715639810427
0.124407582938389
0.00710900473933649
0.0272511848341232
0.411137440758294
0.0260663507109005
0.103080568720379
0.0734597156398104
0.396919431279621
0.0473933649289099
0.0959715639810427
0.12085308056872
0.0296208530805687
0.0770142180094787
0.0106635071090047
0.0130331753554502
0.0272511848341232
0.0568720379146919
0.0201421800947867
0.0225118483412322
0.0710900473933649
0.0533175355450237
0.0023696682464455
0.0130331753554502
0.101895734597156
0.0106635071090047
0.0462085308056872
0.023696682464455
0.131516587677725
0.018957345971564
0.318720379146919
0.34478672985782
0.0924170616113744
0.37085308056872
0.00829383886255924
0.0687203791469194
0.0201421800947867
0.0734597156398104
0.0521327014218009
0.0675355450236967
0.184834123222749
0.18957345971564
0.0106635071090047
0.0367298578199052
0.261848341232227
0.018957345971564
0.0781990521327014
0.0841232227488152
0.354265402843602
0.0367298578199052
0.0580568720379147
0.042654028436019
0.00829383886255924
0.0402843601895735
0.00829383886255924
0.004739336492891
0.0106635071090047
0.0165876777251185
0.00829383886255924
0.0106635071090047
0.0225118483412322
0.0213270142180095
0.00118483412322275
0.004739336492891
0.0509478672985782
0.00829383886255924
0.00710900473933649
0.00710900473933649
0.0438388625592417
0.00592417061611374
0.0592417061611374
0.0533175355450237
0.0177725118483412
0.0533175355450237
0.004739336492891
0.00829383886255924
0.004739336492891
0.0106635071090047
0.014218009478673
0.0130331753554502
0.0367298578199052
0.0367298578199052
0.0023696682464455
0.00592417061611374
0.0580568720379147
0.00355450236966825
0.0130331753554502
0.0106635071090047
0.0639810426540284
0.00592417061611374
0.0710900473933649
0.042654028436019
0.0130331753554502
0.0213270142180095
0.004739336492891
0.004739336492891
0.0213270142180095
0.037914691943128
0.014218009478673
0.0201421800947867
0.033175355450237
0.0154028436018957
0.0023696682464455
0.014218009478673
0.023696682464455
0.0023696682464455
0.0154028436018957
0.0130331753554502
0.0462085308056872
0.023696682464455
0.172985781990521
0.0734597156398104
0.0367298578199052
0.0627962085308057
0.0118483412322275
0.023696682464455
0.0367298578199052
0.0770142180094787
0.0225118483412322
0.0438388625592417
0.0687203791469194
0.0533175355450237
0.00355450236966825
0.0390995260663507
0.0627962085308057
0.0165876777251185
0.0545023696682464
0.037914691943128
0.0995260663507109
0.0390995260663507
0.10781990521327
0.0402843601895735
0.0201421800947867
0.0390995260663507
0.00592417061611374
0.0130331753554502
0.0154028436018957
0.0319905213270142
0.00947867298578199
0.0272511848341232
0.042654028436019
0.018957345971564
0.004739336492891
0.0106635071090047
0.042654028436019
0.0106635071090047
0.0213270142180095
0.0130331753554502
0.0473933649289099
0.014218009478673
0.138625592417062
0.0876777251184834
0.0355450236966825
0.0651658767772512
0.0106635071090047
0.0106635071090047
0.0165876777251185
0.0817535545023697
0.0165876777251185
0.0308056872037915
0.0651658767772512
0.0450236966824645
0.00592417061611374
0.0165876777251185
0.0936018957345972
0.0118483412322275
0.0248815165876777
0.0319905213270142
0.118483412322275
0.0201421800947867
0.336492890995261
0.18957345971564
0.0699052132701422
0.15521327014218
0.018957345971564
0.0355450236966825
0.0390995260663507
0.106635071090047
0.0367298578199052
0.0793838862559242
0.14218009478673
0.112559241706161
0.00710900473933649
0.0248815165876777
0.184834123222749
0.0201421800947867
0.0462085308056872
0.0639810426540284
0.208530805687204
0.0473933649289099
0.227488151658768
0.193127962085308
0.0592417061611374
0.181279620853081
0.00947867298578199
0.0272511848341232
0.0154028436018957
0.042654028436019
0.023696682464455
0.0473933649289099
0.111374407582938
0.130331753554502
0.00947867298578199
0.0130331753554502
0.208530805687204
0.00592417061611374
0.0497630331753555
0.0390995260663507
0.231042654028436
0.0272511848341232
0.023696682464455
0.0154028436018957
0.0023696682464455
0.0106635071090047
0.00118483412322275
0.0023696682464455
0.00118483412322275
0.004739336492891
0
0.00355450236966825
0.00710900473933649
0.00947867298578199
0.00118483412322275
0.00118483412322275
0.014218009478673
0.00118483412322275
0.00592417061611374
0.004739336492891
0.0130331753554502
0.00355450236966825
0.0841232227488152
0.037914691943128
0.018957345971564
0.028436018957346
0.0106635071090047
0.004739336492891
0.00829383886255924
0.0130331753554502
0.00947867298578199
0.0225118483412322
0.0272511848341232
0.0201421800947867
0.00355450236966825
0.0106635071090047
0.0521327014218009
0.00355450236966825
0.0201421800947867
0.014218009478673
0.0592417061611374
0.00947867298578199
0.517772511848341
0.354265402843602
0.116113744075829
0.422985781990521
0.0260663507109005
0.0651658767772512
0.0367298578199052
0.0746445497630332
0.0402843601895735
0.0781990521327014
0.212085308056872
0.259478672985782
0.0272511848341232
0.0462085308056872
0.42654028436019
0.0272511848341232
0.118483412322275
0.0817535545023697
0.483412322274882
0.0450236966824645
0.037914691943128
0.028436018957346
0.0165876777251185
0.0154028436018957
0.00355450236966825
0.004739336492891
0.0118483412322275
0.0130331753554502
0.00710900473933649
0.0154028436018957
0.023696682464455
0.0154028436018957
0
0.00829383886255924
0.0308056872037915
0.00710900473933649
0.004739336492891
0.00947867298578199
0.0272511848341232
0.00710900473933649
0.150473933649289
0.100710900473934
0.0367298578199052
0.0770142180094787
0.0165876777251185
0.0130331753554502
0.0201421800947867
0.0260663507109005
0.014218009478673
0.037914691943128
0.0616113744075829
0.0355450236966825
0.0023696682464455
0.0165876777251185
0.110189573459716
0.0106635071090047
0.028436018957346
0.0177725118483412
0.122037914691943
0.0296208530805687
0.0959715639810427
0.0841232227488152
0.0355450236966825
0.0829383886255924
0.0106635071090047
0.0130331753554502
0.0130331753554502
0.023696682464455
0.0260663507109005
0.028436018957346
0.0462085308056872
0.0604265402843602
0.00355450236966825
0.0154028436018957
0.0710900473933649
0.00710900473933649
0.023696682464455
0.0130331753554502
0.0817535545023697
0.014218009478673
0.811611374407583
0.302132701421801
0.0900473933649289
0.279620853080569
0.0402843601895735
0.0438388625592417
0.0296208530805687
0.0722748815165877
0.0580568720379147
0.138625592417062
0.183649289099526
0.210900473933649
0.0201421800947867
0.0734597156398104
0.650473933649289
0.0485781990521327
0.0888625592417062
0.0592417061611374
1
0.0663507109004739
0.0746445497630332
0.0616113744075829
0.0225118483412322
0.0355450236966825
0.004739336492891
0.00592417061611374
0.0106635071090047
0.0248815165876777
0.0154028436018957
0.0225118483412322
0.0438388625592417
0.023696682464455
0.0023696682464455
0.014218009478673
0.0402843601895735
0.00592417061611374
0.0308056872037915
0.0130331753554502
0.0758293838862559
0.0106635071090047
