565
408
114
338
23
58
62
146
65
119
276
186
13
48
501
39
124
134
605
69
445
261
79
220
26
34
32
89
43
73
176
117
5
28
330
19
103
67
361
40
77
93
27
75
5
15
18
33
19
20
52
43
3
8
79
12
34
15
107
16
268
294
66
299
7
45
15
54
36
53
161
175
5
29
250
18
72
54
305
29
57
34
7
25
4
3
3
7
2
9
17
21
2
6
35
3
13
4
45
2
56
52
16
35
3
5
6
16
6
13
26
23
2
5
46
4
12
5
49
3
43
32
13
13
5
2
12
24
14
15
21
20
3
9
27
3
20
10
37
11
135
71
26
57
10
17
22
75
18
33
65
43
2
25
59
14
41
33
79
26
76
38
12
29
3
10
9
19
6
19
22
20
5
8
25
3
18
10
42
4
124
68
23
55
5
7
19
57
17
35
41
34
4
17
86
15
25
15
104
23
250
175
55
138
17
29
21
83
19
56
105
79
4
24
153
20
37
51
175
35
180
170
44
149
8
22
14
40
22
38
103
104
12
11
168
6
47
39
203
20
14
10
3
6
0
2
3
4
0
2
6
7
1
1
12
0
3
3
16
4
58
30
15
22
4
2
8
13
5
23
27
18
1
3
48
2
8
11
48
10
454
322
102
355
20
53
21
66
31
64
171
218
12
42
351
28
100
73
405
44
27
27
9
14
2
5
8
15
6
14
19
18
1
4
31
2
3
8
21
7
142
92
27
58
10
14
20
20
10
30
39
41
2
17
97
10
31
14
112
21
97
72
20
76
13
17
16
15
9
20
40
37
5
14
52
4
24
10
66
12
763
270
81
257
37
41
22
57
39
129
129
182
14
48
546
36
76
54
863
52
84
40
16
19
6
5
3
19
11
11
33
17
1
9
44
4
20
11
72
4
