566
430
141
347
27
66
57
161
69
134
283
215
15
55
545
40
129
121
622
64
452
269
79
230
21
30
25
94
53
77
185
112
4
27
380
27
105
77
438
41
94
112
32
85
4
16
14
38
15
25
64
45
7
7
98
10
42
30
114
15
273
329
80
364
10
55
20
61
31
60
152
182
13
41
258
17
77
75
320
36
48
31
7
29
5
4
8
13
5
10
17
21
1
6
42
7
12
4
38
5
63
63
15
53
3
10
7
16
8
5
22
26
3
3
44
4
15
7
50
7
52
36
15
9
4
3
16
20
5
9
24
14
0
11
28
3
5
10
37
16
145
67
31
60
13
16
26
65
19
40
58
53
8
27
60
15
45
34
86
28
79
35
16
28
4
12
8
27
6
19
25
18
3
11
33
5
16
8
45
9
129
69
31
64
11
8
13
62
19
36
50
36
4
16
94
9
23
31
100
19
274
168
52
139
17
29
25
91
31
61
115
95
5
22
171
23
40
55
191
32
202
193
44
170
8
26
12
46
18
32
93
103
9
10
198
9
62
48
210
21
15
17
2
11
2
3
1
3
1
2
7
12
2
2
12
1
3
2
16
3
67
34
15
25
8
5
8
12
7
20
23
17
2
5
50
4
18
4
45
10
485
363
114
389
22
53
23
62
30
82
227
249
20
39
408
24
96
75
455
47
40
28
18
18
3
4
7
9
5
16
16
15
1
4
31
1
5
7
19
9
146
101
31
58
13
19
11
19
16
29
57
42
3
9
104
7
36
15
121
28
103
79
27
79
6
16
6
23
17
25
37
50
3
16
72
7
20
11
69
10
802
275
100
266
34
44
21
53
41
121
148
193
15
58
599
37
100
60
939
56
78
37
22
36
7
5
9
22
11
22
36
19
0
10
41
6
19
7
68
9
