596
438
129
343
30
64
73
144
72
135
306
204
13
52
498
44
145
131
655
77
445
267
92
234
25
36
37
91
51
73
192
122
9
35
350
27
105
73
429
48
99
103
29
77
3
19
21
39
13
22
59
51
4
9
86
10
31
23
124
18
285
305
74
331
9
57
18
67
38
47
152
188
7
42
256
19
77
70
333
36
54
35
5
28
4
6
9
11
3
9
22
19
2
4
33
3
8
5
47
5
57
54
19
46
3
8
7
19
8
10
30
28
3
5
56
3
18
13
59
4
49
44
21
15
6
4
16
36
13
17
34
22
2
12
28
3
14
12
42
18
163
63
40
58
19
28
24
87
20
37
64
47
5
25
67
23
46
36
98
31
73
46
15
23
6
11
10
29
5
21
29
21
3
8
31
9
18
9
44
6
142
83
26
69
6
10
16
57
17
39
50
39
5
15
80
13
27
24
105
15
279
188
56
132
15
38
32
93
28
65
112
102
8
24
163
27
45
68
199
37
184
176
44
179
9
26
16
57
25
45
111
112
11
13
202
8
56
51
222
17
15
12
1
9
1
1
1
7
1
3
8
11
1
1
15
0
3
6
12
5
74
38
16
22
6
6
10
15
7
14
28
19
1
8
46
4
14
11
51
10
458
366
96
387
19
53
27
72
29
75
207
251
17
36
374
27
111
76
425
47
35
35
11
17
2
6
9
16
8
19
27
15
1
5
28
4
5
9
25
5
155
101
24
65
10
15
23
27
15
29
51
38
2
18
121
10
33
22
120
23
107
78
29
78
7
16
16
23
12
21
35
55
2
19
67
6
31
10
90
12
823
275
96
270
36
42
32
68
43
144
163
202
15
60
614
36
102
55
944
59
73
45
24
36
5
6
11
23
9
14
32
21
2
9
44
7
20
13
77
10
