588
426
139
356
32
66
69
149
63
112
285
191
17
48
495
39
135
127
626
66
469
265
76
237
23
31
27
106
43
79
187
118
7
32
357
29
97
79
393
40
92
110
29
85
5
13
23
44
19
26
58
45
7
10
85
10
43
24
122
17
282
325
82
309
9
49
14
54
45
59
165
195
13
34
240
19
76
74
289
37
61
32
7
32
5
3
10
15
5
13
16
13
2
7
41
6
9
6
40
3
60
56
22
49
5
8
6
10
8
9
23
33
3
4
46
5
17
10
51
4
45
39
22
12
9
3
15
33
11
19
30
15
4
10
27
4
18
10
46
19
138
81
51
54
8
14
27
76
18
43
56
49
5
24
63
15
50
44
92
35
75
48
11
26
3
11
14
22
9
18
31
19
4
10
34
7
16
12
34
9
140
79
30
65
14
8
20
58
18
36
46
35
5
16
80
16
25
25
105
21
256
161
64
144
15
24
25
91
30
75
103
89
7
21
168
20
52
48
190
38
186
199
44
166
6
32
15
46
19
38
95
106
8
12
161
6
45
38
197
19
16
20
5
11
1
2
3
6
0
5
6
9
0
0
14
1
2
1
15
3
77
36
17
20
8
7
13
11
5
22
24
22
1
13
33
1
13
7
50
9
493
326
95
358
21
63
25
70
30
63
177
221
21
40
363
24
96
66
421
51
37
28
10
17
3
5
8
14
8
14
21
17
1
5
32
7
4
8
22
9
123
90
32
66
17
17
20
27
13
32
47
36
3
11
112
9
27
18
117
22
96
75
25
81
8
17
21
23
14
25
44
42
2
18
62
6
26
18
72
15
738
267
85
253
34
49
30
58
44
134
175
168
10
62
578
42
76
63
917
59
82
42
26
33
9
7
6
30
11
22
35
17
1
12
39
5
16
13
69
10
