563
415
118
343
28
58
59
164
57
125
295
197
17
59
498
41
145
124
626
74
450
271
75
249
26
38
32
93
56
76
182
120
8
26
350
29
107
65
372
55
92
108
25
85
7
14
20
41
15
16
50
36
6
8
81
11
40
25
115
19
273
315
72
318
8
54
17
68
33
60
140
177
16
36
264
22
72
71
311
36
62
33
7
30
2
3
4
11
6
10
23
15
3
3
36
3
11
5
43
2
46
47
17
49
3
5
5
25
7
12
31
28
3
5
45
6
13
4
53
5
47
31
16
20
5
5
11
33
10
12
25
16
3
5
26
6
14
11
37
20
160
62
32
59
13
23
36
75
21
44
64
46
8
23
61
22
44
30
85
27
82
37
18
32
9
9
5
21
7
15
25
18
7
9
28
6
22
11
37
7
133
73
26
68
4
8
14
56
16
39
53
39
4
11
74
14
30
24
106
18
264
165
60
136
19
25
26
86
26
58
100
90
5
26
175
24
50
46
187
34
200
176
38
161
10
28
17
40
19
36
102
103
12
7
181
7
57
35
190
24
14
21
3
9
1
1
2
7
0
6
9
10
1
0
22
1
6
4
18
7
69
37
16
19
4
3
5
10
8
15
24
19
2
9
41
3
16
9
46
11
499
357
101
357
21
46
27
65
31
70
188
215
22
32
360
28
96
71
426
43
36
32
15
19
0
6
10
17
9
18
26
21
2
5
41
9
4
7
26
4
143
109
30
52
10
16
20
24
18
33
51
51
3
23
102
12
35
15
118
28
101
71
26
69
12
15
13
17
16
16
33
46
4
16
62
5
23
13
68
12
715
278
102
256
34
49
21
57
40
138
146
180
14
53
570
50
89
60
876
65
75
52
23
38
5
7
9
26
10
12
37
18
2
10
44
9
27
13
73
10
