0.619103773584906
0.464622641509434
0.123820754716981
0.365566037735849
0.0188679245283019
0.0660377358490566
0.0778301886792453
0.17688679245283
0.0884433962264151
0.13561320754717
0.341981132075472
0.212264150943396
0.017688679245283
0.0577830188679245
0.550707547169811
0.0365566037735849
0.14622641509434
0.145047169811321
0.681603773584906
0.0837264150943396
0.481132075471698
0.266509433962264
0.0742924528301887
0.251179245283019
0.0224056603773585
0.0436320754716981
0.044811320754717
0.100235849056604
0.0566037735849057
0.0754716981132075
0.204009433962264
0.122641509433962
0.00589622641509434
0.0424528301886792
0.386792452830189
0.0283018867924528
0.11438679245283
0.0731132075471698
0.424528301886792
0.0530660377358491
0.107311320754717
0.125
0.0294811320754717
0.0860849056603774
0.00235849056603774
0.0106132075471698
0.0330188679245283
0.0483490566037736
0.0141509433962264
0.0247641509433962
0.0625
0.0471698113207547
0.00471698113207547
0.0141509433962264
0.0813679245283019
0.0106132075471698
0.0318396226415094
0.0306603773584906
0.139150943396226
0.0188679245283019
0.294811320754717
0.325471698113208
0.0813679245283019
0.351415094339623
0.00825471698113208
0.0530660377358491
0.017688679245283
0.0766509433962264
0.0436320754716981
0.0613207547169811
0.173349056603774
0.200471698113208
0.0141509433962264
0.0365566037735849
0.286556603773585
0.0235849056603774
0.0919811320754717
0.0707547169811321
0.338443396226415
0.035377358490566
0.0731132075471698
0.0400943396226415
0.00589622641509434
0.0341981132075472
0.00943396226415094
0.00471698113207547
0.00589622641509434
0.0200471698113208
0.00589622641509434
0.0106132075471698
0.017688679245283
0.0235849056603774
0.0035377358490566
0.0035377358490566
0.0318396226415094
0.0035377358490566
0.00825471698113208
0.00707547169811321
0.0471698113207547
0.0035377358490566
0.0589622641509434
0.044811320754717
0.0141509433962264
0.0518867924528302
0.00235849056603774
0.00943396226415094
0.00707547169811321
0.0224056603773585
0.0117924528301887
0.0117924528301887
0.0389150943396226
0.0283018867924528
0.00117924528301887
0.00707547169811321
0.0459905660377358
0.00589622641509434
0.0188679245283019
0.00943396226415094
0.0601415094339623
0.00471698113207547
0.0672169811320755
0.0530660377358491
0.0259433962264151
0.0153301886792453
0.00943396226415094
0.00235849056603774
0.0165094339622642
0.0341981132075472
0.0153301886792453
0.0200471698113208
0.0224056603773585
0.0235849056603774
0.00471698113207547
0.0106132075471698
0.0283018867924528
0.00471698113207547
0.0259433962264151
0.0153301886792453
0.0542452830188679
0.0224056603773585
0.182783018867925
0.0636792452830189
0.0542452830188679
0.0742924528301887
0.0200471698113208
0.0235849056603774
0.017688679245283
0.0943396226415094
0.0212264150943396
0.0459905660377358
0.0707547169811321
0.0495283018867925
0.00589622641509434
0.0200471698113208
0.0754716981132075
0.0165094339622642
0.0518867924528302
0.0389150943396226
0.10377358490566
0.0341981132075472
0.0837264150943396
0.0365566037735849
0.0153301886792453
0.0436320754716981
0.00825471698113208
0.0129716981132075
0.0188679245283019
0.0318396226415094
0.00707547169811321
0.0212264150943396
0.0318396226415094
0.027122641509434
0.00707547169811321
0.00825471698113208
0.0283018867924528
0.00589622641509434
0.017688679245283
0.0129716981132075
0.0483490566037736
0.00589622641509434
0.142688679245283
0.0825471698113208
0.0330188679245283
0.0695754716981132
0.0106132075471698
0.0129716981132075
0.0259433962264151
0.0660377358490566
0.0247641509433962
0.0424528301886792
0.0507075471698113
0.0377358490566038
0.00471698113207547
0.0188679245283019
0.0790094339622641
0.0153301886792453
0.0283018867924528
0.0306603773584906
0.110849056603774
0.0259433962264151
0.290094339622642
0.179245283018868
0.0766509433962264
0.143867924528302
0.0224056603773585
0.027122641509434
0.0365566037735849
0.0955188679245283
0.0377358490566038
0.0636792452830189
0.104952830188679
0.0931603773584906
0.00589622641509434
0.0224056603773585
0.173349056603774
0.0212264150943396
0.0459905660377358
0.0707547169811321
0.20872641509434
0.0412735849056604
0.211084905660377
0.191037735849057
0.044811320754717
0.165094339622642
0.0106132075471698
0.0294811320754717
0.0212264150943396
0.0530660377358491
0.017688679245283
0.0471698113207547
0.102594339622642
0.129716981132075
0.00825471698113208
0.0117924528301887
0.192216981132075
0.00707547169811321
0.0695754716981132
0.0483490566037736
0.216981132075472
0.0212264150943396
0.017688679245283
0.0165094339622642
0.00471698113207547
0.00943396226415094
0
0.00117924528301887
0.00235849056603774
0.00471698113207547
0.00117924528301887
0.00471698113207547
0.00943396226415094
0.00825471698113208
0.00117924528301887
0
0.0200471698113208
0
0.00825471698113208
0.0035377358490566
0.017688679245283
0.00471698113207547
0.0742924528301887
0.0294811320754717
0.0188679245283019
0.0306603773584906
0.00589622641509434
0.00707547169811321
0.0117924528301887
0.0141509433962264
0.00589622641509434
0.017688679245283
0.0224056603773585
0.0165094339622642
0.0035377358490566
0.00825471698113208
0.0412735849056604
0.00235849056603774
0.0153301886792453
0.0141509433962264
0.0495283018867925
0.0106132075471698
0.490566037735849
0.387971698113208
0.113207547169811
0.39622641509434
0.0235849056603774
0.0566037735849057
0.027122641509434
0.0695754716981132
0.0330188679245283
0.0719339622641509
0.172169811320755
0.238207547169811
0.0259433962264151
0.035377358490566
0.390330188679245
0.0247641509433962
0.107311320754717
0.0908018867924528
0.479952830188679
0.0554245283018868
0.0377358490566038
0.0283018867924528
0.00943396226415094
0.0212264150943396
0.00235849056603774
0.00943396226415094
0.00943396226415094
0.0165094339622642
0.00707547169811321
0.0188679245283019
0.0212264150943396
0.0129716981132075
0.00117924528301887
0.0035377358490566
0.0306603773584906
0.00707547169811321
0.00589622641509434
0.00707547169811321
0.027122641509434
0.00825471698113208
0.153301886792453
0.10377358490566
0.0389150943396226
0.0660377358490566
0.0165094339622642
0.0165094339622642
0.0224056603773585
0.0294811320754717
0.0117924528301887
0.0294811320754717
0.0554245283018868
0.0459905660377358
0.00235849056603774
0.0200471698113208
0.120283018867925
0.017688679245283
0.0424528301886792
0.0212264150943396
0.139150943396226
0.0283018867924528
0.126179245283019
0.0884433962264151
0.0330188679245283
0.0860849056603774
0.0129716981132075
0.017688679245283
0.0247641509433962
0.0247641509433962
0.0165094339622642
0.0294811320754717
0.0400943396226415
0.0589622641509434
0.00235849056603774
0.0141509433962264
0.0683962264150943
0.00825471698113208
0.0330188679245283
0.0129716981132075
0.0825471698113208
0.0106132075471698
0.843160377358491
0.298349056603774
0.101415094339623
0.285377358490566
0.0412735849056604
0.0483490566037736
0.0389150943396226
0.0636792452830189
0.044811320754717
0.154481132075472
0.174528301886792
0.205188679245283
0.0153301886792453
0.0518867924528302
0.619103773584906
0.044811320754717
0.101415094339623
0.0778301886792453
1
0.0625
0.0778301886792453
0.0601415094339623
0.0283018867924528
0.0412735849056604
0.00471698113207547
0.00589622641509434
0.0117924528301887
0.0235849056603774
0.00825471698113208
0.027122641509434
0.044811320754717
0.0200471698113208
0.00117924528301887
0.0129716981132075
0.0483490566037736
0.00117924528301887
0.0247641509433962
0.0141509433962264
0.0719339622641509
0.0153301886792453
