524
399
109
287
24
57
60
145
54
113
276
170
13
47
459
31
124
108
552
71
396
209
62
201
17
34
33
89
48
69
160
111
6
23
310
24
84
66
366
46
92
96
27
72
5
11
18
36
13
27
54
42
4
11
73
5
35
27
92
15
261
272
62
305
5
45
15
64
32
43
119
147
11
26
222
20
63
56
280
29
54
31
9
35
4
3
9
15
3
8
18
11
0
4
29
2
5
5
39
4
54
51
14
49
3
8
6
13
9
6
26
20
2
4
43
3
15
10
45
5
38
35
21
13
6
2
19
32
13
14
31
20
4
13
29
3
17
10
40
17
147
61
43
49
15
23
21
84
19
37
65
51
4
21
51
15
36
35
84
27
68
27
13
23
2
11
13
30
4
16
27
17
3
9
32
5
15
12
39
10
116
67
32
63
10
10
18
48
21
37
39
25
4
11
82
9
24
28
95
16
239
138
64
110
18
30
26
86
21
57
104
74
5
22
159
14
36
51
187
37
176
168
34
129
7
16
16
43
17
35
97
85
1
10
145
9
43
51
180
19
12
9
4
3
1
0
2
2
1
4
5
7
1
2
13
2
2
4
15
3
68
23
14
22
6
4
11
12
5
15
27
15
2
4
35
3
18
6
41
7
425
308
90
321
19
54
20
62
26
73
175
212
10
34
335
29
77
51
397
41
29
23
11
17
3
3
9
9
7
15
19
15
2
5
19
4
3
3
22
2
92
90
24
48
10
18
23
24
13
33
39
45
4
15
97
7
32
16
110
18
93
79
24
64
9
10
15
20
19
23
38
38
3
12
47
3
24
12
71
12
698
235
85
232
28
43
35
54
40
119
132
156
13
54
542
29
88
59
778
50
61
45
20
35
5
7
8
21
11
12
29
23
1
12
42
4
22
10
59
10
