516
386
103
312
24
61
58
132
58
121
267
161
11
52
477
34
133
98
589
79
422
214
56
211
20
26
21
63
45
59
136
102
8
18
327
27
89
61
372
45
78
87
24
67
5
15
18
26
7
18
43
46
5
9
78
10
34
28
99
14
241
272
68
340
3
45
14
63
42
49
138
159
12
30
223
23
58
52
301
28
48
26
4
28
2
5
3
9
2
8
19
21
3
1
36
1
11
4
37
2
47
37
14
42
3
5
8
23
5
11
25
30
2
3
46
2
13
9
43
7
35
29
8
18
6
4
11
28
7
12
25
17
3
6
22
4
12
7
34
15
146
54
26
50
14
17
22
70
17
37
47
37
3
26
60
20
36
28
85
23
72
26
16
19
6
10
6
25
7
18
24
18
4
8
30
9
13
11
39
4
122
67
20
58
4
7
15
53
14
39
46
29
3
20
83
9
22
27
92
16
236
152
52
116
16
27
24
83
28
59
85
79
5
18
129
17
46
41
186
35
171
167
34
142
11
27
12
38
18
34
90
91
11
8
154
9
45
44
171
21
17
13
3
9
1
0
2
4
0
4
6
6
1
1
20
0
5
4
16
4
65
30
10
13
2
2
5
12
6
14
16
15
2
6
37
3
14
8
54
11
432
314
100
341
17
53
24
57
26
64
180
210
20
29
336
23
91
65
420
30
29
25
15
19
1
5
6
13
8
14
22
18
1
4
29
7
6
5
25
2
130
82
26
59
7
13
19
22
16
27
48
38
2
17
85
9
27
12
119
23
84
61
30
57
7
13
9
16
12
19
33
37
5
9
55
4
22
10
74
10
738
251
88
229
27
38
17
57
38
130
150
167
14
50
579
36
88
48
842
56
61
42
18
34
3
6
9
24
9
11
36
18
2
11
35
7
24
8
66
15
