508
378
123
270
29
50
71
129
51
108
227
171
15
37
444
41
126
109
553
71
389
215
63
185
27
23
29
85
40
67
136
103
7
29
321
32
77
69
344
41
83
96
22
73
4
14
17
39
15
23
51
42
4
12
79
8
40
22
107
9
242
273
64
296
8
48
15
52
31
42
137
134
9
26
212
19
59
51
280
26
51
28
9
38
7
2
6
16
4
11
18
19
2
7
37
4
11
5
37
1
54
45
16
43
4
4
3
19
3
6
26
23
3
0
34
4
15
8
32
3
40
30
21
15
8
2
16
22
10
15
23
13
3
9
25
2
15
11
35
17
141
57
37
47
10
17
20
76
17
29
51
46
8
24
56
10
38
32
80
33
68
36
13
18
6
8
13
24
5
17
22
23
2
8
31
2
12
8
39
8
117
65
20
51
7
11
18
35
14
35
44
21
2
14
75
13
24
19
91
17
222
147
47
121
16
28
21
78
29
51
89
80
6
19
141
17
41
45
152
34
163
152
39
151
9
19
9
31
23
34
78
90
7
11
148
8
43
45
175
15
11
12
5
9
0
2
2
6
0
4
7
9
2
2
10
2
5
4
11
4
65
26
13
19
7
6
13
14
7
14
24
17
3
9
41
4
12
4
39
11
403
282
98
313
23
48
14
62
30
54
188
210
14
36
319
23
82
61
377
37
29
27
13
17
5
6
5
16
8
14
17
18
0
6
31
3
5
7
21
6
127
91
28
51
9
9
17
28
13
23
39
32
3
15
87
10
28
20
107
21
86
64
33
61
4
9
19
15
12
22
38
29
3
16
46
5
26
14
79
16
663
231
84
218
33
38
21
58
41
114
140
154
12
55
502
41
81
58
793
59
67
43
18
35
6
5
3
24
10
11
32
18
2
14
39
7
22
7
65
8
