556
394
134
297
24
63
66
161
64
117
297
173
10
45
494
39
138
117
627
75
450
234
66
208
27
29
32
89
45
79
160
105
5
40
348
26
106
77
378
39
101
105
30
75
4
15
20
43
14
27
59
41
7
9
87
9
38
21
125
17
249
294
72
285
8
47
20
69
41
45
139
164
6
29
236
15
80
81
275
31
48
36
9
27
2
3
10
17
5
11
18
20
2
7
38
5
13
5
39
4
61
63
19
43
4
5
4
19
5
4
24
31
5
3
43
2
12
11
50
7
43
37
25
11
7
3
19
31
16
17
35
18
3
12
29
4
14
15
49
16
167
78
49
69
18
24
25
81
21
37
66
52
6
29
60
19
53
46
103
32
69
41
14
24
6
11
12
34
6
19
23
24
2
9
29
4
17
12
43
8
139
71
25
60
10
10
22
65
16
41
39
41
2
21
78
14
27
29
95
22
252
177
58
119
21
33
29
94
29
78
119
88
10
20
156
27
45
53
171
40
166
163
43
161
9
25
16
57
19
40
98
100
8
10
164
9
51
45
188
21
13
14
2
10
1
1
3
3
1
2
7
10
2
2
13
1
3
3
10
4
67
27
17
24
8
6
13
14
7
20
28
14
2
6
47
3
16
9
51
11
446
304
93
365
15
58
25
77
31
66
198
213
15
45
365
31
109
75
391
53
35
24
11
13
3
6
10
23
8
15
24
17
1
3
32
2
5
10
18
7
153
107
32
58
10
14
19
25
14
35
53
40
2
16
116
11
29
23
118
21
109
88
32
75
6
12
19
32
13
22
46
46
3
18
64
6
31
15
76
15
719
262
91
235
37
45
33
74
41
132
152
176
14
56
536
32
89
71
810
62
77
37
30
31
8
8
7
27
11
20
36
23
1
10
45
8
25
11
69
7
