-0.331002331002331
-0.498834498834499
-0.867132867132867
-0.614219114219114
-0.976689976689977
-0.917249417249417
-0.920745920745921
-0.79020979020979
-0.911421911421911
-0.856643356643357
-0.642191142191142
-0.77972027972028
-0.986013986013986
-0.944055944055944
-0.396270396270396
-0.959207459207459
-0.814685314685315
-0.855477855477855
-0.327505827505827
-0.913752913752914
-0.494172494172494
-0.714452214452215
-0.920745920745921
-0.736596736596737
-0.974358974358974
-0.962703962703963
-0.968531468531469
-0.886946386946387
-0.934731934731935
-0.926573426573427
-0.776223776223776
-0.875291375291375
-0.993006993006993
-0.972027972027972
-0.597902097902098
-0.966200466200466
-0.883449883449883
-0.921911421911422
-0.588578088578089
-0.939393939393939
-0.89044289044289
-0.883449883449883
-0.961538461538462
-0.909090909090909
-0.996503496503496
-0.982517482517482
-0.972027972027972
-0.945221445221445
-0.977855477855478
-0.977855477855478
-0.924242424242424
-0.944055944055944
-0.994172494172494
-0.989510489510489
-0.902097902097902
-0.990675990675991
-0.961538461538462
-0.972027972027972
-0.872960372960373
-0.977855477855478
-0.678321678321678
-0.67948717948718
-0.914918414918415
-0.658508158508158
-0.989510489510489
-0.933566433566434
-0.981351981351981
-0.911421911421911
-0.955710955710956
-0.934731934731935
-0.824009324009324
-0.79020979020979
-0.987179487179487
-0.961538461538462
-0.736596736596737
-0.974358974358974
-0.921911421911422
-0.91958041958042
-0.642191142191142
-0.961538461538462
-0.939393939393939
-0.966200466200466
-0.993006993006993
-0.968531468531469
-0.994172494172494
-0.996503496503496
-0.989510489510489
-0.984848484848485
-0.993006993006993
-0.988344988344988
-0.981351981351981
-0.981351981351981
-0.998834498834499
-0.994172494172494
-0.952214452214452
-0.995337995337995
-0.990675990675991
-0.997668997668998
-0.947552447552447
-0.996503496503496
-0.933566433566434
-0.944055944055944
-0.981351981351981
-0.94988344988345
-0.998834498834499
-0.990675990675991
-0.994172494172494
-0.968531468531469
-0.996503496503496
-0.986013986013986
-0.955710955710956
-0.970862470862471
-0.998834498834499
-0.993006993006993
-0.951048951048951
-0.995337995337995
-0.983682983682984
-0.986013986013986
-0.941724941724942
-0.990675990675991
-0.928904428904429
-0.955710955710956
-0.974358974358974
-0.983682983682984
-0.993006993006993
-0.995337995337995
-0.981351981351981
-0.972027972027972
-0.990675990675991
-0.983682983682984
-0.968531468531469
-0.98018648018648
-0.997668997668998
-0.988344988344988
-0.962703962703963
-0.994172494172494
-0.98018648018648
-0.986013986013986
-0.952214452214452
-0.987179487179487
-0.798368298368298
-0.926573426573427
-0.954545454545455
-0.923076923076923
-0.977855477855478
-0.975524475524476
-0.96969696969697
-0.903263403263403
-0.970862470862471
-0.947552447552447
-0.918414918414918
-0.937062937062937
-0.993006993006993
-0.963869463869464
-0.920745920745921
-0.974358974358974
-0.940559440559441
-0.961538461538462
-0.892773892773893
-0.965034965034965
-0.903263403263403
-0.94988344988345
-0.982517482517482
-0.96037296037296
-0.995337995337995
-0.984848484848485
-0.990675990675991
-0.968531468531469
-0.994172494172494
-0.976689976689977
-0.966200466200466
-0.976689976689977
-0.995337995337995
-0.987179487179487
-0.958041958041958
-0.995337995337995
-0.982517482517482
-0.987179487179487
-0.955710955710956
-0.993006993006993
-0.836829836829837
-0.927738927738928
-0.962703962703963
-0.932400932400932
-0.983682983682984
-0.991841491841492
-0.977855477855478
-0.920745920745921
-0.975524475524476
-0.959207459207459
-0.940559440559441
-0.954545454545455
-0.994172494172494
-0.977855477855478
-0.8997668997669
-0.986013986013986
-0.979020979020979
-0.970862470862471
-0.889277389277389
-0.977855477855478
-0.656177156177156
-0.793706293706294
-0.920745920745921
-0.851981351981352
-0.981351981351981
-0.963869463869464
-0.963869463869464
-0.883449883449883
-0.966200466200466
-0.912587412587413
-0.848484848484849
-0.900932400932401
-0.996503496503496
-0.967365967365967
-0.806526806526807
-0.973193473193473
-0.941724941724942
-0.935897435897436
-0.784382284382284
-0.952214452214452
-0.791375291375291
-0.812354312354312
-0.955710955710956
-0.814685314685315
-0.991841491841492
-0.96969696969697
-0.983682983682984
-0.947552447552447
-0.979020979020979
-0.96037296037296
-0.868298368298368
-0.876456876456876
-0.993006993006993
-0.990675990675991
-0.796037296037296
-0.991841491841492
-0.937062937062937
-0.94988344988345
-0.782051282051282
-0.974358974358974
-0.983682983682984
-0.981351981351981
-0.997668997668998
-0.991841491841492
-1
-1
-0.997668997668998
-0.991841491841492
-1
-0.998834498834499
-0.993006993006993
-0.990675990675991
-1
-0.998834498834499
-0.981351981351981
-1
-1
-0.998834498834499
-0.981351981351981
-0.997668997668998
-0.916083916083916
-0.961538461538462
-0.981351981351981
-0.970862470862471
-0.994172494172494
-0.996503496503496
-0.988344988344988
-0.983682983682984
-0.989510489510489
-0.973193473193473
-0.974358974358974
-0.977855477855478
-0.998834498834499
-0.993006993006993
-0.951048951048951
-0.997668997668998
-0.979020979020979
-0.991841491841492
-0.954545454545455
-0.988344988344988
-0.463869463869464
-0.62004662004662
-0.874125874125874
-0.590909090909091
-0.974358974358974
-0.935897435897436
-0.96969696969697
-0.925407925407925
-0.965034965034965
-0.920745920745921
-0.768065268065268
-0.77039627039627
-0.979020979020979
-0.953379953379953
-0.558275058275058
-0.975524475524476
-0.89044289044289
-0.892773892773893
-0.51981351981352
-0.948717948717949
-0.955710955710956
-0.972027972027972
-0.984848484848485
-0.979020979020979
-0.997668997668998
-0.993006993006993
-0.989510489510489
-0.983682983682984
-0.989510489510489
-0.976689976689977
-0.976689976689977
-0.982517482517482
-0.998834498834499
-0.994172494172494
-0.967365967365967
-0.993006993006993
-0.993006993006993
-0.991841491841492
-0.974358974358974
-0.993006993006993
-0.839160839160839
-0.893939393939394
-0.963869463869464
-0.926573426573427
-0.984848484848485
-0.982517482517482
-0.977855477855478
-0.976689976689977
-0.987179487179487
-0.965034965034965
-0.932400932400932
-0.955710955710956
-0.996503496503496
-0.979020979020979
-0.872960372960373
-0.987179487179487
-0.956876456876457
-0.982517482517482
-0.862470862470862
-0.972027972027972
-0.881118881118881
-0.900932400932401
-0.968531468531469
-0.911421911421911
-0.991841491841492
-0.983682983682984
-0.982517482517482
-0.96969696969697
-0.982517482517482
-0.970862470862471
-0.953379953379953
-0.947552447552447
-0.996503496503496
-0.986013986013986
-0.923076923076923
-0.991841491841492
-0.974358974358974
-0.977855477855478
-0.912587412587413
-0.987179487179487
-0.155011655011655
-0.685314685314685
-0.889277389277389
-0.72027972027972
-0.963869463869464
-0.961538461538462
-0.966200466200466
-0.932400932400932
-0.954545454545455
-0.847319347319347
-0.833333333333333
-0.792540792540793
-0.986013986013986
-0.940559440559441
-0.393939393939394
-0.952214452214452
-0.905594405594406
-0.921911421911422
-0.00116550116550118
-0.931235431235431
-0.906759906759907
-0.952214452214452
-0.973193473193473
-0.955710955710956
-0.995337995337995
-0.991841491841492
-0.990675990675991
-0.967365967365967
-0.989510489510489
-0.974358974358974
-0.954545454545455
-0.977855477855478
-1
-0.987179487179487
-0.96037296037296
-0.991841491841492
-0.970862470862471
-0.986013986013986
-0.924242424242424
-0.990675990675991
