0.67810650887574
0.545562130177515
0.143195266272189
0.407100591715976
0.0331360946745562
0.0769230769230769
0.085207100591716
0.202366863905325
0.0887573964497041
0.145562130177515
0.371597633136095
0.230769230769231
0.0189349112426036
0.0579881656804734
0.604733727810651
0.0343195266272189
0.172781065088757
0.16094674556213
0.70887573964497
0.0887573964497041
0.56094674556213
0.330177514792899
0.0899408284023669
0.292307692307692
0.0307692307692308
0.0437869822485207
0.0414201183431953
0.110059171597633
0.0532544378698225
0.107692307692308
0.211834319526627
0.127810650887574
0.00473372781065089
0.0402366863905325
0.460355029585799
0.0366863905325444
0.123076923076923
0.0792899408284024
0.449704142011834
0.0556213017751479
0.107692307692308
0.132544378698225
0.0331360946745562
0.0840236686390533
0.00591715976331361
0.00946745562130178
0.0236686390532544
0.0556213017751479
0.0165680473372781
0.0248520710059172
0.0650887573964497
0.050887573964497
0.00946745562130178
0.0118343195266272
0.10414201183432
0.0130177514792899
0.0497041420118343
0.0284023668639053
0.128994082840237
0.0224852071005917
0.33491124260355
0.365680473372781
0.0792899408284024
0.389349112426035
0.00828402366863905
0.0615384615384615
0.021301775147929
0.0816568047337278
0.0449704142011834
0.0769230769230769
0.184615384615385
0.21301775147929
0.0189349112426036
0.0272189349112426
0.29112426035503
0.0331360946745562
0.085207100591716
0.0816568047337278
0.357396449704142
0.0378698224852071
0.0591715976331361
0.0355029585798817
0.00828402366863905
0.0402366863905325
0.00710059171597633
0.00710059171597633
0.00591715976331361
0.0189349112426036
0.00591715976331361
0.00946745562130178
0.0284023668639053
0.0260355029585799
0.00355029585798817
0.00591715976331361
0.0461538461538462
0.00591715976331361
0.0177514792899408
0.00591715976331361
0.0520710059171598
0.00355029585798817
0.0579881656804734
0.0591715976331361
0.0130177514792899
0.0520710059171598
0.00473372781065089
0.00710059171597633
0.00710059171597633
0.0260355029585799
0.00828402366863905
0.0142011834319527
0.0402366863905325
0.0284023668639053
0.00355029585798817
0.00710059171597633
0.0556213017751479
0.00473372781065089
0.0142011834319527
0.0106508875739645
0.0579881656804734
0.00236686390532544
0.0544378698224852
0.0485207100591716
0.0236686390532544
0.0201183431952663
0.00591715976331361
0.00355029585798817
0.0130177514792899
0.0378698224852071
0.0153846153846154
0.0201183431952663
0.0319526627218935
0.0201183431952663
0.00355029585798817
0.0106508875739645
0.0355029585798817
0.00710059171597633
0.0224852071005917
0.0153846153846154
0.050887573964497
0.0189349112426036
0.181065088757396
0.0840236686390533
0.0461538461538462
0.0757396449704142
0.0201183431952663
0.021301775147929
0.0331360946745562
0.0970414201183432
0.0272189349112426
0.0414201183431953
0.0840236686390533
0.063905325443787
0.00828402366863905
0.029585798816568
0.0745562130177515
0.0248520710059172
0.0497041420118343
0.0378698224852071
0.0887573964497041
0.0343195266272189
0.101775147928994
0.050887573964497
0.0177514792899408
0.0378698224852071
0.0106508875739645
0.0130177514792899
0.0130177514792899
0.0224852071005917
0.00828402366863905
0.0201183431952663
0.0331360946745562
0.0331360946745562
0.00710059171597633
0.00591715976331361
0.0355029585798817
0.00710059171597633
0.0201183431952663
0.0130177514792899
0.0485207100591716
0.00591715976331361
0.158579881656805
0.0863905325443787
0.0319526627218935
0.0804733727810651
0.0106508875739645
0.0106508875739645
0.0142011834319527
0.0710059171597633
0.0165680473372781
0.0402366863905325
0.0591715976331361
0.0402366863905325
0.00591715976331361
0.0130177514792899
0.093491124260355
0.0201183431952663
0.0366863905325444
0.0331360946745562
0.13491124260355
0.0307692307692308
0.32189349112426
0.210650887573964
0.072189349112426
0.163313609467456
0.0224852071005917
0.0307692307692308
0.0319526627218935
0.102958579881657
0.0366863905325444
0.0828402366863905
0.133727810650888
0.10887573964497
0.00710059171597633
0.029585798816568
0.210650887573964
0.0272189349112426
0.0532544378698225
0.063905325443787
0.210650887573964
0.0414201183431953
0.233136094674556
0.208284023668639
0.0497041420118343
0.178698224852071
0.0106508875739645
0.0272189349112426
0.021301775147929
0.0544378698224852
0.0260355029585799
0.0390532544378698
0.13491124260355
0.117159763313609
0.0118343195266272
0.0153846153846154
0.18698224852071
0.00946745562130178
0.063905325443787
0.0485207100591716
0.255621301775148
0.0284023668639053
0.0260355029585799
0.0224852071005917
0.00236686390532544
0.00828402366863905
0.00118343195266272
0.00118343195266272
0.00355029585798817
0.00710059171597633
0
0.00591715976331361
0.0106508875739645
0.0118343195266272
0.00236686390532544
0.00236686390532544
0.021301775147929
0.00118343195266272
0.00591715976331361
0.00473372781065089
0.021301775147929
0.00591715976331361
0.0816568047337278
0.0402366863905325
0.0224852071005917
0.021301775147929
0.00946745562130178
0.00355029585798817
0.0118343195266272
0.0177514792899408
0.0130177514792899
0.0224852071005917
0.0284023668639053
0.0189349112426036
0.00355029585798817
0.00946745562130178
0.0414201183431953
0.00473372781065089
0.021301775147929
0.00710059171597633
0.0497041420118343
0.0106508875739645
0.602366863905325
0.4
0.123076923076923
0.431952662721893
0.0272189349112426
0.0615384615384615
0.029585798816568
0.0757396449704142
0.0402366863905325
0.0816568047337278
0.198816568047337
0.267455621301775
0.0248520710059172
0.0473372781065089
0.46508875739645
0.0319526627218935
0.113609467455621
0.0982248520710059
0.532544378698225
0.0485207100591716
0.0414201183431953
0.0366863905325444
0.0201183431952663
0.0201183431952663
0.00236686390532544
0.0118343195266272
0.0106508875739645
0.0201183431952663
0.0106508875739645
0.0177514792899408
0.0224852071005917
0.021301775147929
0.00118343195266272
0.00355029585798817
0.0390532544378698
0.00828402366863905
0.00710059171597633
0.00946745562130178
0.0355029585798817
0.00828402366863905
0.17396449704142
0.112426035502959
0.042603550295858
0.072189349112426
0.0165680473372781
0.021301775147929
0.0236686390532544
0.0224852071005917
0.0165680473372781
0.0390532544378698
0.063905325443787
0.0497041420118343
0.00355029585798817
0.0224852071005917
0.137278106508876
0.0165680473372781
0.0378698224852071
0.0165680473372781
0.150295857988166
0.0260355029585799
0.132544378698225
0.0970414201183432
0.0307692307692308
0.0887573964497041
0.0130177514792899
0.0118343195266272
0.0248520710059172
0.0189349112426036
0.0189349112426036
0.0260355029585799
0.0461538461538462
0.0556213017751479
0.00710059171597633
0.0201183431952663
0.0591715976331361
0.00710059171597633
0.0343195266272189
0.0177514792899408
0.0887573964497041
0.0130177514792899
0.876923076923077
0.336094674556213
0.110059171597633
0.299408284023669
0.0378698224852071
0.0485207100591716
0.0343195266272189
0.0556213017751479
0.0461538461538462
0.152662721893491
0.165680473372781
0.217751479289941
0.0201183431952663
0.0674556213017752
0.69585798816568
0.050887573964497
0.119526627218935
0.0698224852071006
1
0.0698224852071006
0.100591715976331
0.0579881656804734
0.0248520710059172
0.0343195266272189
0.00710059171597633
0.00591715976331361
0.00946745562130178
0.0260355029585799
0.0118343195266272
0.0201183431952663
0.0485207100591716
0.0224852071005917
0.00118343195266272
0.0130177514792899
0.0520710059171598
0.00473372781065089
0.021301775147929
0.0130177514792899
0.0757396449704142
0.00946745562130178
