0.662515566625156
0.464508094645081
0.14321295143213
0.38107098381071
0.0311332503113325
0.0697384806973848
0.0784557907845579
0.201743462017435
0.0709838107098381
0.149439601494396
0.318804483188045
0.210460772104608
0.0161892901618929
0.0523038605230386
0.518057285180573
0.0435865504358655
0.174346201743462
0.130759651307597
0.677459526774595
0.0933997509339975
0.488169364881694
0.280199252801993
0.0772104607721046
0.255292652552927
0.0298879202988792
0.0423412204234122
0.0336239103362391
0.100871731008717
0.0635118306351183
0.074719800747198
0.201743462017435
0.12453300124533
0.0087173100871731
0.0298879202988792
0.364881693648817
0.024906600249066
0.105853051058531
0.0797011207970112
0.404732254047323
0.0523038605230386
0.122042341220423
0.127023661270237
0.0323785803237858
0.087173100871731
0.0074719800747198
0.0112079701120797
0.024906600249066
0.0510585305105853
0.0186799501867995
0.0236612702366127
0.0684931506849315
0.0535491905354919
0.0074719800747198
0.0174346201743462
0.0909090909090909
0.0112079701120797
0.0485678704856787
0.0398505603985056
0.154420921544209
0.0186799501867995
0.296388542963885
0.346201743462017
0.0809464508094645
0.346201743462017
0.0099626400996264
0.062266500622665
0.0211706102117061
0.0660024906600249
0.0435865504358655
0.0772104607721046
0.173100871731009
0.181818181818182
0.0149439601494396
0.0348692403486924
0.266500622665006
0.0199252801992528
0.0722291407222914
0.0709838107098381
0.321295143212951
0.0361145703611457
0.0697384806973848
0.037359900373599
0.0112079701120797
0.037359900373599
0.0062266500622665
0.0037359900373599
0.0074719800747198
0.0174346201743462
0.012453300124533
0.012453300124533
0.0199252801992528
0.0174346201743462
0.0012453300124533
0.0037359900373599
0.0448318804483188
0.0037359900373599
0.0136986301369863
0.0062266500622665
0.0448318804483188
0.0024906600249066
0.0660024906600249
0.0485678704856787
0.0186799501867995
0.0448318804483188
0.0024906600249066
0.0099626400996264
0.0087173100871731
0.024906600249066
0.012453300124533
0.0136986301369863
0.0410958904109589
0.0273972602739726
0.0012453300124533
0.0074719800747198
0.0460772104607721
0.0049813200498132
0.0136986301369863
0.0149439601494396
0.062266500622665
0.0087173100871731
0.0647571606475716
0.0473225404732254
0.0224159402241594
0.0174346201743462
0.0087173100871731
0.0037359900373599
0.0211706102117061
0.0423412204234122
0.0074719800747198
0.0186799501867995
0.0311332503113325
0.0149439601494396
0.0037359900373599
0.0087173100871731
0.0386052303860523
0.0074719800747198
0.0236612702366127
0.0136986301369863
0.0485678704856787
0.0199252801992528
0.184308841843088
0.0722291407222914
0.0510585305105853
0.0647571606475716
0.0174346201743462
0.0273972602739726
0.0336239103362391
0.0834371108343711
0.0236612702366127
0.049813200498132
0.0635118306351183
0.049813200498132
0.0049813200498132
0.0311332503113325
0.0709838107098381
0.0236612702366127
0.0572851805728518
0.037359900373599
0.103362391033624
0.0348692403486924
0.0846824408468244
0.0435865504358655
0.0224159402241594
0.0348692403486924
0.0074719800747198
0.0174346201743462
0.0161892901618929
0.0311332503113325
0.0112079701120797
0.0236612702366127
0.0361145703611457
0.0199252801992528
0.0037359900373599
0.0112079701120797
0.0336239103362391
0.0074719800747198
0.0224159402241594
0.0087173100871731
0.0435865504358655
0.0161892901618929
0.149439601494396
0.0846824408468244
0.037359900373599
0.0660024906600249
0.0136986301369863
0.0112079701120797
0.0224159402241594
0.0734744707347447
0.0273972602739726
0.0423412204234122
0.049813200498132
0.0410958904109589
0.0049813200498132
0.0186799501867995
0.0971357409713574
0.0099626400996264
0.0236612702366127
0.0361145703611457
0.115815691158157
0.0236612702366127
0.307596513075965
0.171855541718555
0.0697384806973848
0.13947696139477
0.0174346201743462
0.0311332503113325
0.0361145703611457
0.0896637608966376
0.0323785803237858
0.0809464508094645
0.12826899128269
0.0983810709838107
0.0037359900373599
0.0298879202988792
0.195516811955168
0.0186799501867995
0.0460772104607721
0.0635118306351183
0.205479452054795
0.0435865504358655
0.210460772104608
0.201743462017435
0.0523038605230386
0.150684931506849
0.012453300124533
0.0311332503113325
0.0211706102117061
0.049813200498132
0.0199252801992528
0.0348692403486924
0.099626400996264
0.107098381070984
0.0062266500622665
0.0099626400996264
0.191780821917808
0.0087173100871731
0.049813200498132
0.0523038605230386
0.207970112079701
0.0236612702366127
0.0186799501867995
0.012453300124533
0.0037359900373599
0.0112079701120797
0.0012453300124533
0.0024906600249066
0.0024906600249066
0.0062266500622665
0
0.0024906600249066
0.0074719800747198
0.012453300124533
0
0
0.0186799501867995
0
0.0037359900373599
0.0037359900373599
0.0186799501867995
0.0024906600249066
0.0834371108343711
0.0273972602739726
0.0211706102117061
0.024906600249066
0.0062266500622665
0.0074719800747198
0.012453300124533
0.0161892901618929
0.0112079701120797
0.0211706102117061
0.0161892901618929
0.0174346201743462
0.0024906600249066
0.0087173100871731
0.0485678704856787
0.0024906600249066
0.0224159402241594
0.0074719800747198
0.0473225404732254
0.0087173100871731
0.511830635118306
0.323785803237858
0.13200498132005
0.404732254047323
0.0286425902864259
0.0560398505603985
0.0348692403486924
0.0759651307596513
0.0361145703611457
0.0784557907845579
0.207970112079701
0.225404732254047
0.0224159402241594
0.0423412204234122
0.413449564134496
0.024906600249066
0.108343711083437
0.0846824408468244
0.458281444582814
0.0423412204234122
0.0286425902864259
0.0298879202988792
0.0174346201743462
0.0199252801992528
0.0012453300124533
0.0087173100871731
0.0099626400996264
0.0161892901618929
0.0112079701120797
0.0174346201743462
0.0273972602739726
0.0186799501867995
0.0012453300124533
0.0049813200498132
0.0311332503113325
0.0062266500622665
0.0037359900373599
0.0037359900373599
0.0199252801992528
0.0087173100871731
0.160647571606476
0.0983810709838107
0.0423412204234122
0.0684931506849315
0.0149439601494396
0.0211706102117061
0.0224159402241594
0.0273972602739726
0.0149439601494396
0.0386052303860523
0.0585305105853051
0.0448318804483188
0.0024906600249066
0.0224159402241594
0.0921544209215442
0.0161892901618929
0.0410958904109589
0.0211706102117061
0.133250311332503
0.0311332503113325
0.099626400996264
0.0983810709838107
0.0473225404732254
0.0834371108343711
0.0099626400996264
0.0112079701120797
0.0186799501867995
0.0236612702366127
0.0174346201743462
0.0298879202988792
0.0398505603985056
0.0560398505603985
0.0037359900373599
0.012453300124533
0.0797011207970112
0.0087173100871731
0.0211706102117061
0.0161892901618929
0.0821917808219178
0.0161892901618929
0.806973848069738
0.290161892901619
0.110834371108344
0.268991282689913
0.0273972602739726
0.0423412204234122
0.0311332503113325
0.062266500622665
0.0523038605230386
0.13574097135741
0.181818181818182
0.199252801992528
0.0161892901618929
0.0547945205479452
0.63387297633873
0.0398505603985056
0.0946450809464508
0.0821917808219178
1
0.062266500622665
0.0958904109589041
0.0547945205479452
0.0298879202988792
0.0435865504358655
0.0062266500622665
0.0112079701120797
0.0074719800747198
0.0261519302615193
0.0087173100871731
0.0236612702366127
0.0410958904109589
0.0224159402241594
0.0024906600249066
0.012453300124533
0.0435865504358655
0.0049813200498132
0.0298879202988792
0.0087173100871731
0.0709838107098381
0.0136986301369863
