507
385
115
313
22
56
56
155
68
124
278
179
13
57
492
33
142
127
568
71
401
247
75
220
17
32
34
92
50
73
169
103
7
24
321
31
98
60
372
44
86
105
27
71
3
9
21
47
13
22
53
38
7
9
81
12
42
28
115
16
257
270
72
304
2
51
20
63
28
56
129
186
11
37
246
15
65
60
300
36
54
29
7
30
8
4
8
16
6
7
18
15
0
5
27
6
15
5
35
2
47
51
14
50
2
6
4
18
11
8
26
31
3
3
42
2
10
11
48
4
55
41
22
13
6
4
14
31
11
14
28
16
1
9
31
4
16
14
37
19
181
65
38
56
19
22
27
80
27
44
54
38
6
23
68
24
44
30
85
30
68
30
20
33
6
8
8
28
8
19
28
23
4
10
26
4
16
10
40
10
125
75
22
57
8
8
15
66
17
40
54
39
6
10
78
15
29
32
88
22
264
155
61
132
15
25
41
86
26
61
99
85
3
20
144
21
42
49
179
35
181
161
35
149
11
27
15
48
15
33
103
100
9
13
180
7
49
42
195
23
15
15
2
7
1
2
1
4
1
4
6
10
1
1
17
0
3
2
14
3
64
29
17
23
9
4
7
10
9
16
24
19
2
10
38
5
19
10
43
9
460
323
100
340
19
47
27
62
25
73
184
215
17
36
362
18
92
72
405
42
32
27
13
16
2
9
9
15
4
12
24
17
2
7
31
5
8
9
24
3
146
98
31
49
14
16
22
31
16
27
47
42
1
16
101
12
28
17
105
25
93
78
31
71
13
15
17
28
16
25
33
45
4
15
56
6
27
16
61
14
673
255
86
244
24
42
28
56
40
133
153
178
14
54
543
44
84
61
853
58
73
41
23
35
5
6
12
26
8
15
34
20
0
8
42
5
21
11
79
8
