544
388
114
289
21
47
60
143
51
96
274
173
15
39
475
37
130
116
604
70
406
232
65
201
18
34
24
85
43
82
149
107
8
25
328
26
91
76
346
46
76
99
25
73
2
16
12
41
12
22
48
41
3
14
66
9
43
22
103
15
248
255
74
275
4
49
20
56
34
54
119
148
8
29
218
12
71
74
291
34
52
28
6
28
5
2
8
13
7
8
12
17
1
5
28
4
12
5
36
2
45
53
15
44
3
6
2
20
7
8
30
28
4
3
38
5
14
12
42
6
51
31
13
9
5
1
12
28
9
12
25
12
2
3
26
6
15
14
36
17
163
66
37
56
12
25
22
70
19
40
46
55
6
24
51
20
50
28
83
28
58
26
12
25
6
8
10
23
7
22
27
18
2
10
28
4
15
9
38
12
106
71
16
57
11
9
15
64
16
39
40
32
4
20
75
15
24
23
89
22
238
152
53
108
15
31
28
88
19
54
100
88
6
19
147
23
39
42
172
33
176
162
36
149
9
25
18
42
14
22
98
98
4
12
171
5
50
34
194
15
9
12
3
7
1
2
0
4
0
3
7
10
2
2
12
1
2
3
13
4
68
27
12
17
9
5
7
15
4
19
24
15
3
9
40
6
16
6
41
11
430
299
93
336
14
52
23
62
27
62
167
216
15
35
328
28
84
73
394
45
37
25
13
14
3
7
8
18
9
16
23
22
1
5
25
2
7
5
19
6
149
101
27
47
11
12
14
23
13
25
45
38
2
14
108
11
35
17
118
23
82
80
30
69
6
11
13
25
17
20
37
46
2
21
59
8
24
11
63
8
702
254
83
248
26
40
25
53
41
127
154
152
10
49
524
35
88
63
805
55
69
44
18
26
7
6
6
28
11
18
32
20
1
17
40
8
26
5
70
9
