0.643790849673203
0.468409586056645
0.131808278867102
0.374727668845316
0.0294117647058824
0.0664488017429194
0.065359477124183
0.175381263616558
0.0762527233115468
0.128540305010893
0.310457516339869
0.218954248366013
0.0130718954248366
0.0522875816993464
0.541394335511983
0.0468409586056645
0.149237472766885
0.137254901960784
0.710239651416122
0.0784313725490196
0.498910675381264
0.278867102396514
0.0827886710239651
0.259259259259259
0.0294117647058824
0.0413943355119826
0.0272331154684096
0.093681917211329
0.0577342047930283
0.0806100217864924
0.194989106753813
0.122004357298475
0.00544662309368192
0.0315904139433551
0.374727668845316
0.0337690631808279
0.117647058823529
0.0751633986928105
0.433551198257081
0.0544662309368192
0.101307189542484
0.128540305010893
0.0337690631808279
0.0893246187363834
0.00326797385620915
0.0185185185185185
0.0152505446623094
0.0435729847494553
0.0108932461873638
0.0239651416122004
0.0620915032679739
0.0479302832244009
0.00871459694989107
0.0108932461873638
0.0860566448801743
0.00871459694989107
0.0392156862745098
0.0261437908496732
0.125272331154684
0.0185185185185185
0.289760348583878
0.345315904139434
0.0773420479302832
0.364923747276688
0.00762527233115468
0.0599128540305011
0.0217864923747277
0.0773420479302832
0.037037037037037
0.0533769063180828
0.17755991285403
0.191721132897603
0.0152505446623094
0.0392156862745098
0.275599128540305
0.0261437908496732
0.0838779956427015
0.079520697167756
0.352941176470588
0.0359477124183007
0.065359477124183
0.0403050108932462
0.00544662309368192
0.0381263616557734
0.00544662309368192
0.00435729847494553
0.00762527233115468
0.0130718954248366
0.00108932461873638
0.0108932461873638
0.0163398692810458
0.0196078431372549
0.00108932461873638
0.00435729847494553
0.0348583877995643
0.00435729847494553
0.00980392156862745
0.00544662309368192
0.0381263616557734
0.00435729847494553
0.0631808278867102
0.0544662309368192
0.0206971677559913
0.0566448801742919
0.00326797385620915
0.0065359477124183
0.00762527233115468
0.0239651416122004
0.00762527233115468
0.0119825708061002
0.0261437908496732
0.0294117647058824
0.00326797385620915
0.00435729847494553
0.0479302832244009
0.00544662309368192
0.0119825708061002
0.00762527233115468
0.065359477124183
0.00435729847494553
0.0479302832244009
0.0348583877995643
0.0163398692810458
0.0185185185185185
0.00326797385620915
0.00435729847494553
0.014161220043573
0.0359477124183007
0.0119825708061002
0.0119825708061002
0.0326797385620915
0.0196078431372549
0.00217864923747277
0.00871459694989107
0.0305010893246187
0.00544662309368192
0.0152505446623094
0.0108932461873638
0.0435729847494553
0.0152505446623094
0.179738562091503
0.0806100217864924
0.037037037037037
0.0631808278867102
0.0163398692810458
0.0261437908496732
0.0326797385620915
0.0620915032679739
0.0163398692810458
0.0392156862745098
0.0675381263616558
0.0533769063180828
0.00544662309368192
0.0217864923747277
0.0686274509803922
0.0228758169934641
0.042483660130719
0.0348583877995643
0.0947712418300654
0.0294117647058824
0.0816993464052288
0.0359477124183007
0.0163398692810458
0.0294117647058824
0.0065359477124183
0.0108932461873638
0.00980392156862745
0.0272331154684096
0.00544662309368192
0.0163398692810458
0.0272331154684096
0.0239651416122004
0.00435729847494553
0.00871459694989107
0.0294117647058824
0.00435729847494553
0.0196078431372549
0.0119825708061002
0.0446623093681917
0.00762527233115468
0.139433551198257
0.0773420479302832
0.0261437908496732
0.0708061002178649
0.00544662309368192
0.00762527233115468
0.014161220043573
0.065359477124183
0.0196078431372549
0.0413943355119826
0.0413943355119826
0.0413943355119826
0.00435729847494553
0.0130718954248366
0.0893246187363834
0.0130718954248366
0.0294117647058824
0.0272331154684096
0.117647058823529
0.0228758169934641
0.287581699346405
0.172113289760349
0.0642701525054466
0.142701525054466
0.0185185185185185
0.0305010893246187
0.028322440087146
0.0925925925925926
0.0206971677559913
0.0642701525054466
0.123093681917211
0.10239651416122
0.0108932461873638
0.0261437908496732
0.176470588235294
0.0250544662309368
0.0457516339869281
0.0533769063180828
0.212418300653595
0.0413943355119826
0.19281045751634
0.197167755991285
0.0435729847494553
0.175381263616558
0.0119825708061002
0.0315904139433551
0.0196078431372549
0.0533769063180828
0.0250544662309368
0.0479302832244009
0.116557734204793
0.111111111111111
0.00762527233115468
0.00980392156862745
0.186274509803922
0.00871459694989107
0.0566448801742919
0.0490196078431373
0.224400871459695
0.0174291938997821
0.0217864923747277
0.0152505446623094
0.00108932461873638
0.00871459694989107
0.00217864923747277
0.00217864923747277
0.00217864923747277
0.00326797385620915
0
0.00435729847494553
0.00871459694989107
0.00762527233115468
0.00108932461873638
0.00217864923747277
0.0185185185185185
0.00217864923747277
0.00435729847494553
0.0065359477124183
0.0130718954248366
0.00544662309368192
0.0675381263616558
0.0413943355119826
0.0152505446623094
0.0206971677559913
0.00762527233115468
0.00217864923747277
0.00980392156862745
0.0119825708061002
0.00980392156862745
0.014161220043573
0.0305010893246187
0.0152505446623094
0.00326797385620915
0.00871459694989107
0.0468409586056645
0.00435729847494553
0.0250544662309368
0.00762527233115468
0.0490196078431373
0.00980392156862745
0.526143790849673
0.351851851851852
0.110021786492375
0.411764705882353
0.0174291938997821
0.0610021786492375
0.0272331154684096
0.0686274509803922
0.0305010893246187
0.0827886710239651
0.194989106753813
0.254901960784314
0.0217864923747277
0.0381263616557734
0.392156862745098
0.0272331154684096
0.113289760348584
0.0816993464052288
0.464052287581699
0.0544662309368192
0.042483660130719
0.0326797385620915
0.014161220043573
0.0185185185185185
0.00326797385620915
0.00762527233115468
0.0108932461873638
0.0185185185185185
0.0065359477124183
0.0152505446623094
0.0250544662309368
0.0206971677559913
0.00217864923747277
0.00326797385620915
0.0403050108932462
0.00326797385620915
0.0065359477124183
0.00435729847494553
0.0272331154684096
0.00544662309368192
0.143790849673203
0.112200435729847
0.0294117647058824
0.0686274509803922
0.00871459694989107
0.0217864923747277
0.0217864923747277
0.0239651416122004
0.0163398692810458
0.0381263616557734
0.0501089324618736
0.0479302832244009
0.00217864923747277
0.0239651416122004
0.11437908496732
0.0119825708061002
0.0326797385620915
0.0174291938997821
0.139433551198257
0.0228758169934641
0.119825708061002
0.0871459694989107
0.0315904139433551
0.0827886710239651
0.00980392156862745
0.0152505446623094
0.0163398692810458
0.0185185185185185
0.0119825708061002
0.0239651416122004
0.0359477124183007
0.0446623093681917
0.00435729847494553
0.0185185185185185
0.0762527233115468
0.00217864923747277
0.0196078431372549
0.0119825708061002
0.0773420479302832
0.0152505446623094
0.839869281045752
0.297385620915033
0.124183006535948
0.28322440087146
0.0348583877995643
0.0413943355119826
0.0250544662309368
0.0610021786492375
0.0490196078431373
0.143790849673203
0.162309368191721
0.19281045751634
0.014161220043573
0.0664488017429194
0.661220043572985
0.0457516339869281
0.105664488017429
0.0708061002178649
1
0.0751633986928105
0.0849673202614379
0.05119825708061
0.0261437908496732
0.0413943355119826
0.0065359477124183
0.00762527233115468
0.0065359477124183
0.0250544662309368
0.00762527233115468
0.0163398692810458
0.0348583877995643
0.0239651416122004
0.00108932461873638
0.00871459694989107
0.0501089324618736
0.0065359477124183
0.0239651416122004
0.00871459694989107
0.0860566448801743
0.00980392156862745
