598
435
127
339
32
67
58
162
63
131
318
192
12
47
529
42
153
122
616
66
469
258
74
223
23
40
28
76
53
66
193
116
7
32
374
29
99
65
397
40
91
98
31
72
7
18
23
42
11
28
66
51
5
11
87
10
40
17
118
15
280
297
75
339
8
54
16
60
41
54
157
181
10
28
256
12
76
66
319
34
52
41
7
28
1
5
8
15
3
12
20
26
0
6
37
5
12
3
43
6
62
67
12
47
3
12
6
18
8
14
35
27
4
6
54
5
12
9
46
4
57
49
18
12
8
3
18
30
12
16
31
15
2
12
32
3
21
10
35
11
154
66
41
54
14
20
25
93
21
44
67
45
6
24
60
19
48
39
88
30
69
39
17
27
3
11
12
26
9
23
28
14
3
8
37
6
14
8
43
11
123
71
30
62
12
7
20
62
18
42
54
37
5
21
102
13
17
26
105
19
274
175
64
129
20
38
38
99
29
77
114
89
5
23
175
22
45
64
200
33
207
169
42
182
11
22
11
38
18
31
95
107
7
9
190
7
50
42
213
20
18
12
1
10
1
2
1
6
1
2
7
7
0
1
14
2
1
3
16
3
69
32
12
25
7
4
13
20
5
19
20
14
1
4
47
3
13
7
45
11
473
335
94
376
27
70
23
69
33
71
200
237
19
40
376
25
107
78
457
48
40
27
14
13
2
4
6
13
8
14
27
20
1
4
32
5
5
9
18
8
141
104
35
51
14
14
30
27
13
31
49
34
3
14
103
8
35
24
115
19
96
83
27
71
7
11
19
24
13
20
41
49
4
14
65
6
20
9
83
12
785
267
102
276
32
42
32
55
37
140
164
196
14
53
560
43
84
65
897
50
68
49
24
35
7
9
8
24
12
12
29
17
1
14
35
5
16
9
65
5
