0.67459324155194
0.523153942428035
0.136420525657071
0.375469336670839
0.0337922403003755
0.0738423028785982
0.0713391739674593
0.172715894868586
0.0876095118898623
0.135168961201502
0.339173967459324
0.226533166458073
0.0175219023779725
0.0663329161451815
0.566958698372966
0.0413016270337922
0.158948685857322
0.128911138923655
0.702127659574468
0.0863579474342929
0.540675844806007
0.284105131414268
0.0901126408010012
0.262828535669587
0.0250312891113892
0.0362953692115144
0.0400500625782228
0.0901126408010012
0.0588235294117647
0.0913642052565707
0.205256570713392
0.120150187734668
0.00876095118898623
0.0262828535669587
0.387984981226533
0.0312891113892365
0.111389236545682
0.065081351689612
0.448060075093867
0.0500625782227785
0.100125156445557
0.132665832290363
0.0262828535669587
0.0863579474342929
0.00625782227784731
0.0112640801001252
0.0275344180225282
0.0550688360450563
0.0150187734668335
0.0200250312891114
0.0613266583229036
0.0475594493116396
0.00750938673341677
0.00750938673341677
0.0938673341677096
0.0125156445556946
0.0475594493116396
0.0350438047559449
0.131414267834793
0.0175219023779725
0.297872340425532
0.322903629536921
0.0926157697121402
0.339173967459324
0.00500625782227785
0.048811013767209
0.0212765957446809
0.0801001251564456
0.0425531914893617
0.0563204005006258
0.158948685857322
0.18523153942428
0.0112640801001252
0.0300375469336671
0.271589486858573
0.0200250312891114
0.0775969962453066
0.0788485607008761
0.336670838548185
0.0375469336670839
0.0563204005006258
0.0350438047559449
0.0112640801001252
0.0350438047559449
0.00250312891113892
0.00250312891113892
0.0112640801001252
0.016270337922403
0.0100125156445557
0.0100125156445557
0.0187734668335419
0.0200250312891114
0.00125156445556946
0.00250312891113892
0.0425531914893617
0.00625782227784731
0.0175219023779725
0.00375469336670839
0.0438047559449312
0.00625782227784731
0.0575719649561952
0.0663329161451815
0.0175219023779725
0.0425531914893617
0.00375469336670839
0.00750938673341677
0.00375469336670839
0.0237797246558198
0.00625782227784731
0.00750938673341677
0.0300375469336671
0.0387984981226533
0.00375469336670839
0.00500625782227785
0.032540675844806
0.00500625782227785
0.0150187734668335
0.0175219023779725
0.0475594493116396
0.00500625782227785
0.0625782227784731
0.0475594493116396
0.0275344180225282
0.0125156445556946
0.0100125156445557
0
0.0137672090112641
0.0312891113892365
0.0100125156445557
0.0200250312891114
0.0300375469336671
0.0112640801001252
0.00125156445556946
0.0125156445556946
0.0312891113892365
0.00625782227784731
0.0112640801001252
0.0112640801001252
0.048811013767209
0.0225281602002503
0.18523153942428
0.0838548185231539
0.0500625782227785
0.0763454317897372
0.0187734668335419
0.0275344180225282
0.0212765957446809
0.0988735919899875
0.0250312891113892
0.0500625782227785
0.0700876095118899
0.0613266583229036
0.00500625782227785
0.0212765957446809
0.0750938673341677
0.0262828535669587
0.0525657071339174
0.0387984981226533
0.101376720901126
0.0413016270337922
0.0788485607008761
0.0425531914893617
0.016270337922403
0.0212765957446809
0.00876095118898623
0.00625782227784731
0.0112640801001252
0.0275344180225282
0.00750938673341677
0.0287859824780976
0.032540675844806
0.0200250312891114
0.00250312891113892
0.00625782227784731
0.0438047559449312
0.00625782227784731
0.0237797246558198
0.0100125156445557
0.0550688360450563
0.0125156445556946
0.158948685857322
0.0888610763454318
0.032540675844806
0.0750938673341677
0.0100125156445557
0.0112640801001252
0.0112640801001252
0.0713391739674593
0.0150187734668335
0.0475594493116396
0.0550688360450563
0.0337922403003755
0.00625782227784731
0.0212765957446809
0.0838548185231539
0.0137672090112641
0.0312891113892365
0.0312891113892365
0.101376720901126
0.0225281602002503
0.32665832290363
0.18523153942428
0.0613266583229036
0.135168961201502
0.0150187734668335
0.0350438047559449
0.0350438047559449
0.11514392991239
0.0312891113892365
0.0738423028785982
0.117647058823529
0.112640801001252
0.00625782227784731
0.0275344180225282
0.1639549436796
0.0287859824780976
0.0588235294117647
0.0563204005006258
0.202753441802253
0.0350438047559449
0.221526908635795
0.190237797246558
0.0475594493116396
0.180225281602002
0.00375469336670839
0.0300375469336671
0.0175219023779725
0.0525657071339174
0.0150187734668335
0.0375469336670839
0.112640801001252
0.105131414267835
0.0125156445556946
0.0200250312891114
0.205256570713392
0.00750938673341677
0.0550688360450563
0.0438047559449312
0.23153942428035
0.0250312891113892
0.0175219023779725
0.0200250312891114
0.00375469336670839
0.0100125156445557
0.00125156445556946
0.00125156445556946
0.00125156445556946
0.00750938673341677
0.00125156445556946
0.00250312891113892
0.00750938673341677
0.0175219023779725
0
0
0.0187734668335419
0.00125156445556946
0.00375469336670839
0.00125156445556946
0.0187734668335419
0.00125156445556946
0.0901126408010012
0.032540675844806
0.0200250312891114
0.0187734668335419
0.0100125156445557
0.00375469336670839
0.00625782227784731
0.0175219023779725
0.00500625782227785
0.016270337922403
0.0275344180225282
0.0187734668335419
0.00250312891113892
0.0100125156445557
0.0500625782227785
0.00375469336670839
0.0225281602002503
0.0100125156445557
0.0475594493116396
0.00750938673341677
0.530663329161452
0.34918648310388
0.105131414267835
0.376720901126408
0.0175219023779725
0.0538172715894869
0.0250312891113892
0.081351689612015
0.0300375469336671
0.0750938673341677
0.205256570713392
0.265331664580726
0.0250312891113892
0.0438047559449312
0.416770963704631
0.0300375469336671
0.0938673341677096
0.0876095118898623
0.494367959949937
0.0463078848560701
0.0500625782227785
0.0350438047559449
0.0125156445556946
0.0212765957446809
0.00250312891113892
0.00625782227784731
0.00750938673341677
0.0287859824780976
0.0100125156445557
0.0187734668335419
0.0312891113892365
0.0150187734668335
0
0.00500625782227785
0.0287859824780976
0.00750938673341677
0.00876095118898623
0.00876095118898623
0.0200250312891114
0.00625782227784731
0.18648310387985
0.108886107634543
0.0400500625782228
0.0563204005006258
0.0150187734668335
0.0200250312891114
0.0200250312891114
0.0300375469336671
0.0150187734668335
0.0337922403003755
0.0588235294117647
0.0425531914893617
0.00375469336670839
0.0150187734668335
0.102628285356696
0.0112640801001252
0.0312891113892365
0.0250312891113892
0.128911138923655
0.0250312891113892
0.112640801001252
0.0713391739674593
0.0400500625782228
0.0801001251564456
0.00750938673341677
0.016270337922403
0.0225281602002503
0.0312891113892365
0.016270337922403
0.0187734668335419
0.0413016270337922
0.0513141426783479
0.00500625782227785
0.0175219023779725
0.0638297872340425
0.0100125156445557
0.0287859824780976
0.0137672090112641
0.0763454317897372
0.0112640801001252
0.808510638297872
0.314142678347935
0.0951188986232791
0.281602002503129
0.0350438047559449
0.0413016270337922
0.0450563204005006
0.065081351689612
0.048811013767209
0.157697121401752
0.190237797246558
0.201501877346683
0.016270337922403
0.0713391739674593
0.635794743429287
0.0500625782227785
0.0951188986232791
0.0625782227784731
1
0.0688360450563204
0.0876095118898623
0.0538172715894869
0.0262828535669587
0.032540675844806
0.00750938673341677
0.00625782227784731
0.00876095118898623
0.0350438047559449
0.0112640801001252
0.0212765957446809
0.0337922403003755
0.0225281602002503
0.00125156445556946
0.0112640801001252
0.0450563204005006
0.00625782227784731
0.032540675844806
0.0112640801001252
0.0725907384230288
0.00876095118898623
