498
385
105
315
33
60
57
151
63
121
257
158
11
51
435
30
118
113
571
65
430
229
67
225
19
32
28
78
42
73
164
107
8
22
293
26
97
53
357
39
89
89
20
64
4
16
17
41
15
22
51
37
4
6
74
8
30
23
106
14
247
285
59
299
8
46
21
58
34
57
145
164
7
28
238
12
64
53
306
31
48
29
8
34
4
3
6
11
7
10
22
12
1
3
43
3
8
5
34
3
51
54
19
46
3
8
7
19
9
10
21
28
1
5
41
5
12
7
46
5
43
33
19
14
6
1
11
31
10
13
23
14
1
10
22
5
10
9
39
15
135
60
44
54
9
20
26
64
14
41
64
47
5
17
47
20
41
33
81
27
54
36
9
28
7
9
6
28
6
14
25
20
3
11
28
8
19
7
38
7
127
76
24
70
5
6
14
52
13
44
47
33
4
16
78
10
27
24
96
22
250
157
52
119
13
29
20
75
24
65
99
88
8
18
139
25
41
48
155
25
186
152
35
155
8
27
13
41
17
39
77
97
8
11
147
5
44
40
176
15
17
15
1
5
1
0
2
4
0
3
5
7
0
0
12
1
2
1
15
2
59
25
10
24
7
3
7
9
7
10
20
15
1
8
43
1
12
8
46
9
402
298
94
343
21
51
25
61
27
74
174
188
14
31
321
29
81
64
382
39
30
25
10
15
2
6
7
13
5
15
26
15
1
3
28
7
7
6
21
4
127
101
25
49
7
13
18
22
15
26
39
27
3
9
91
5
25
25
98
18
82
67
24
56
8
16
14
16
14
12
28
49
3
11
64
4
24
9
80
10
683
252
90
220
32
44
23
48
37
124
137
170
11
54
544
36
69
60
783
53
57
33
19
35
6
9
7
27
4
16
27
18
0
11
37
6
18
7
65
11
