0.663771712158809
0.483870967741935
0.148883374689826
0.361042183622829
0.0334987593052109
0.0732009925558313
0.075682382133995
0.194789081885856
0.0893300248138958
0.156327543424318
0.354838709677419
0.210918114143921
0.0186104218362283
0.0570719602977667
0.542183622828784
0.0397022332506203
0.169975186104218
0.136476426799007
0.69106699751861
0.0942928039702233
0.535980148883375
0.338709677419355
0.0967741935483871
0.269230769230769
0.0272952853598015
0.0533498759305211
0.0459057071960298
0.104218362282878
0.0632754342431762
0.0992555831265509
0.21712158808933
0.135235732009926
0.011166253101737
0.0334987593052109
0.382133995037221
0.0285359801488834
0.120347394540943
0.0831265508684863
0.436724565756824
0.0620347394540943
0.124069478908189
0.126550868486352
0.0409429280397022
0.0942928039702233
0.00496277915632754
0.0186104218362283
0.0297766749379653
0.0521091811414392
0.0124069478908189
0.0310173697270471
0.0818858560794045
0.0483870967741935
0.00992555831265509
0.0086848635235732
0.0918114143920596
0.0124069478908189
0.0521091811414392
0.0334987593052109
0.143920595533499
0.0235732009925558
0.297766749379653
0.326302729528536
0.0967741935483871
0.338709677419355
0.00992555831265509
0.0607940446650124
0.0235732009925558
0.0856079404466501
0.0359801488833747
0.0707196029776675
0.1712158808933
0.198511166253102
0.0161290322580645
0.0397022332506203
0.277915632754342
0.0223325062034739
0.0843672456575682
0.0781637717121588
0.333746898263027
0.0397022332506203
0.0632754342431762
0.0459057071960298
0.0086848635235732
0.0334987593052109
0.00496277915632754
0.00744416873449132
0.0086848635235732
0.0173697270471464
0.0086848635235732
0.00992555831265509
0.0248138957816377
0.0173697270471464
0.00248138957816377
0.00496277915632754
0.0483870967741935
0.00248138957816377
0.0086848635235732
0.00372208436724566
0.054590570719603
0.00620347394540943
0.0682382133995037
0.075682382133995
0.0248138957816377
0.0483870967741935
0.00620347394540943
0.011166253101737
0.00496277915632754
0.0260545905707196
0.00744416873449132
0.0136476426799007
0.0384615384615385
0.0310173697270471
0.00372208436724566
0.00744416873449132
0.0446650124069479
0.00620347394540943
0.0210918114143921
0.011166253101737
0.0732009925558313
0.00744416873449132
0.0682382133995037
0.054590570719603
0.0248138957816377
0.0173697270471464
0.0124069478908189
0.00496277915632754
0.0173697270471464
0.0421836228287841
0.0173697270471464
0.0198511166253102
0.0409429280397022
0.0161290322580645
0.00124069478908189
0.011166253101737
0.0421836228287841
0.00620347394540943
0.0161290322580645
0.0173697270471464
0.0521091811414392
0.0223325062034739
0.204714640198511
0.086848635235732
0.0583126550868486
0.0744416873449131
0.0210918114143921
0.032258064516129
0.0421836228287841
0.11166253101737
0.0260545905707196
0.0607940446650124
0.0843672456575682
0.0657568238213399
0.00620347394540943
0.0272952853598015
0.0769230769230769
0.0272952853598015
0.0583126550868486
0.0496277915632754
0.107940446650124
0.0384615384615385
0.0806451612903226
0.0508684863523573
0.0235732009925558
0.032258064516129
0.0086848635235732
0.0161290322580645
0.00992555831265509
0.043424317617866
0.00744416873449132
0.0223325062034739
0.0334987593052109
0.0186104218362283
0.00744416873449132
0.00992555831265509
0.0397022332506203
0.011166253101737
0.0173697270471464
0.0124069478908189
0.0508684863523573
0.0086848635235732
0.166253101736973
0.0918114143920596
0.0347394540942928
0.0806451612903226
0.011166253101737
0.00992555831265509
0.0223325062034739
0.0694789081885856
0.0198511166253102
0.0583126550868486
0.0694789081885856
0.0421836228287841
0.00620347394540943
0.0210918114143921
0.114143920595533
0.0148883374689826
0.0297766749379653
0.032258064516129
0.122828784119107
0.0285359801488834
0.316377171215881
0.219602977667494
0.0744416873449131
0.158808933002481
0.0210918114143921
0.0310173697270471
0.043424317617866
0.130272952853598
0.0397022332506203
0.0843672456575682
0.138957816377171
0.0967741935483871
0.00620347394540943
0.032258064516129
0.229528535980149
0.0347394540942928
0.0620347394540943
0.0595533498759305
0.215880893300248
0.0372208436724566
0.196029776674938
0.208436724565757
0.0483870967741935
0.172456575682382
0.00992555831265509
0.032258064516129
0.0198511166253102
0.054590570719603
0.0198511166253102
0.0409429280397022
0.129032258064516
0.114143920595533
0.0124069478908189
0.00992555831265509
0.200992555831266
0.00372208436724566
0.0620347394540943
0.0583126550868486
0.220843672456576
0.0272952853598015
0.0210918114143921
0.0173697270471464
0.00372208436724566
0.0086848635235732
0.00248138957816377
0.00124069478908189
0.00124069478908189
0.00744416873449132
0.00124069478908189
0.00620347394540943
0.0086848635235732
0.00744416873449132
0.00124069478908189
0
0.0210918114143921
0
0.00620347394540943
0.00496277915632754
0.0198511166253102
0.00620347394540943
0.0794044665012407
0.0372208436724566
0.0186104218362283
0.0235732009925558
0.00992555831265509
0.0086848635235732
0.0136476426799007
0.0223325062034739
0.00744416873449132
0.0210918114143921
0.0310173697270471
0.0148883374689826
0
0.0086848635235732
0.0446650124069479
0.00372208436724566
0.0173697270471464
0.0136476426799007
0.0583126550868486
0.011166253101737
0.507444168734491
0.404466501240695
0.110421836228288
0.416873449131514
0.0260545905707196
0.0669975186104218
0.0347394540942928
0.0843672456575682
0.0297766749379653
0.0843672456575682
0.240694789081886
0.260545905707196
0.0186104218362283
0.0359801488833747
0.426799007444169
0.0260545905707196
0.114143920595533
0.0843672456575682
0.487593052109181
0.0558312655086849
0.0334987593052109
0.0285359801488834
0.0198511166253102
0.0223325062034739
0.00372208436724566
0.00496277915632754
0.0086848635235732
0.0198511166253102
0.011166253101737
0.0173697270471464
0.0260545905707196
0.0148883374689826
0.00124069478908189
0.00372208436724566
0.0409429280397022
0.00620347394540943
0.00372208436724566
0.0086848635235732
0.0310173697270471
0.011166253101737
0.156327543424318
0.119106699751861
0.0334987593052109
0.0669975186104218
0.0086848635235732
0.0235732009925558
0.0248138957816377
0.0384615384615385
0.0186104218362283
0.0421836228287841
0.0657568238213399
0.0471464019851117
0.00248138957816377
0.0210918114143921
0.126550868486352
0.00620347394540943
0.0384615384615385
0.0272952853598015
0.136476426799007
0.0347394540942928
0.101736972704715
0.100496277915633
0.0297766749379653
0.086848635235732
0.0124069478908189
0.0198511166253102
0.0223325062034739
0.0372208436724566
0.0235732009925558
0.0223325062034739
0.0421836228287841
0.0558312655086849
0.00496277915632754
0.0148883374689826
0.0732009925558313
0.00992555831265509
0.0272952853598015
0.0136476426799007
0.0930521091811414
0.0136476426799007
0.839950372208437
0.290322580645161
0.119106699751861
0.267990074441687
0.0272952853598015
0.0496277915632754
0.0421836228287841
0.0806451612903226
0.0521091811414392
0.162531017369727
0.186104218362283
0.228287841191067
0.0148883374689826
0.0818858560794045
0.647642679900744
0.0483870967741935
0.106699751861042
0.0719602977667494
1
0.0620347394540943
0.0918114143920596
0.0533498759305211
0.032258064516129
0.0421836228287841
0.00744416873449132
0.00744416873449132
0.0136476426799007
0.0397022332506203
0.0136476426799007
0.0235732009925558
0.0483870967741935
0.0186104218362283
0.00124069478908189
0.0173697270471464
0.0521091811414392
0.0086848635235732
0.0310173697270471
0.011166253101737
0.0744416873449131
0.0186104218362283
