0.651497005988024
0.432335329341317
0.130538922155689
0.346107784431138
0.0251497005988024
0.0646706586826347
0.0634730538922156
0.150898203592814
0.0658682634730539
0.119760479041916
0.280239520958084
0.207185628742515
0.0167664670658683
0.0491017964071856
0.558083832335329
0.0479041916167665
0.148502994011976
0.125748502994012
0.674251497005988
0.0826347305389222
0.493413173652695
0.289820359281437
0.074251497005988
0.239520958083832
0.0227544910179641
0.0347305389221557
0.0263473053892216
0.0706586826347305
0.0526946107784431
0.0862275449101796
0.165269461077844
0.125748502994012
0.00838323353293413
0.0311377245508982
0.382035928143713
0.0431137724550898
0.0994011976047904
0.0778443113772455
0.440718562874251
0.0467065868263473
0.088622754491018
0.0994011976047904
0.0227544910179641
0.0910179640718563
0.00239520958083832
0.0179640718562874
0.0239520958083832
0.0407185628742515
0.0143712574850299
0.0215568862275449
0.0574850299401198
0.0407185628742515
0.00598802395209581
0.00958083832335329
0.081437125748503
0.0131736526946108
0.0467065868263473
0.0263473053892216
0.134131736526946
0.0155688622754491
0.28502994011976
0.323353293413174
0.0754491017964072
0.354491017964072
0.00598802395209581
0.0610778443113772
0.0143712574850299
0.0622754491017964
0.0335329341317365
0.0562874251497006
0.15688622754491
0.197604790419162
0.0119760479041916
0.0335329341317365
0.261077844311377
0.0215568862275449
0.0766467065868263
0.0634730538922156
0.353293413173653
0.0419161676646707
0.0526946107784431
0.0335329341317365
0.00718562874251497
0.0335329341317365
0.00359281437125748
0.00479041916167665
0.00958083832335329
0.0143712574850299
0.00239520958083832
0.00958083832335329
0.0167664670658683
0.0215568862275449
0
0.00479041916167665
0.044311377245509
0.00598802395209581
0.0167664670658683
0.00359281437125748
0.0419161676646707
0.00359281437125748
0.0538922155688623
0.0754491017964072
0.0179640718562874
0.051497005988024
0.00239520958083832
0.0119760479041916
0.00239520958083832
0.0215568862275449
0.00359281437125748
0.0119760479041916
0.0323353293413174
0.0383233532934132
0.00479041916167665
0.00239520958083832
0.0347305389221557
0.00598802395209581
0.0155688622754491
0.0119760479041916
0.0479041916167665
0.00359281437125748
0.0526946107784431
0.0431137724550898
0.0215568862275449
0.0179640718562874
0.00838323353293413
0.00119760479041916
0.0119760479041916
0.0215568862275449
0.0107784431137725
0.0131736526946108
0.0275449101796407
0.0107784431137725
0.00119760479041916
0.00838323353293413
0.0239520958083832
0.00359281437125748
0.0155688622754491
0.0107784431137725
0.0491017964071856
0.0167664670658683
0.153293413173653
0.0766467065868263
0.0431137724550898
0.0634730538922156
0.00958083832335329
0.0179640718562874
0.0191616766467066
0.0610778443113772
0.0167664670658683
0.0311377245508982
0.0634730538922156
0.0455089820359281
0.00838323353293413
0.0179640718562874
0.0598802395209581
0.0191616766467066
0.0467065868263473
0.037125748502994
0.0682634730538922
0.0383233532934132
0.0610778443113772
0.0347305389221557
0.0203592814371257
0.0203592814371257
0.00598802395209581
0.00958083832335329
0.0131736526946108
0.0239520958083832
0.00958083832335329
0.0191616766467066
0.0227544910179641
0.0203592814371257
0.00239520958083832
0.00598802395209581
0.0347305389221557
0.00359281437125748
0.0131736526946108
0.0131736526946108
0.0479041916167665
0.00838323353293413
0.138922155688623
0.0778443113772455
0.0191616766467066
0.0562874251497006
0.0107784431137725
0.00598802395209581
0.0143712574850299
0.051497005988024
0.0107784431137725
0.0407185628742515
0.051497005988024
0.037125748502994
0.00479041916167665
0.0203592814371257
0.0958083832335329
0.0155688622754491
0.0239520958083832
0.0227544910179641
0.0970059880239521
0.0239520958083832
0.247904191616766
0.178443113772455
0.0455089820359281
0.140119760479042
0.0143712574850299
0.0251497005988024
0.0311377245508982
0.0838323353293413
0.0287425149700599
0.0718562874251497
0.105389221556886
0.0862275449101796
0.00838323353293413
0.0239520958083832
0.18562874251497
0.0227544910179641
0.0491017964071856
0.0431137724550898
0.197604790419162
0.0407185628742515
0.202395209580838
0.208383233532934
0.0467065868263473
0.182035928143713
0.00958083832335329
0.029940119760479
0.0119760479041916
0.051497005988024
0.0179640718562874
0.0275449101796407
0.081437125748503
0.108982035928144
0.00598802395209581
0.0167664670658683
0.196407185628743
0.00718562874251497
0.0455089820359281
0.0526946107784431
0.213173652694611
0.0203592814371257
0.0167664670658683
0.0131736526946108
0.00479041916167665
0.0119760479041916
0.00119760479041916
0.00239520958083832
0.00239520958083832
0.00838323353293413
0
0.00239520958083832
0.00958083832335329
0.00958083832335329
0
0.00119760479041916
0.0155688622754491
0.00239520958083832
0.00239520958083832
0.00119760479041916
0.0131736526946108
0.00359281437125748
0.0790419161676647
0.0359281437125748
0.0119760479041916
0.0215568862275449
0.00838323353293413
0.00958083832335329
0.00958083832335329
0.0203592814371257
0.00598802395209581
0.0143712574850299
0.0251497005988024
0.0167664670658683
0.00239520958083832
0.00958083832335329
0.0479041916167665
0.00479041916167665
0.0155688622754491
0.00958083832335329
0.0562874251497006
0.0143712574850299
0.498203592814371
0.370059880239521
0.110179640718563
0.405988023952096
0.0239520958083832
0.0598802395209581
0.029940119760479
0.067065868263473
0.0251497005988024
0.0694610778443114
0.194011976047904
0.263473053892216
0.0203592814371257
0.0479041916167665
0.409580838323353
0.0227544910179641
0.104191616766467
0.0718562874251497
0.481437125748503
0.0538922155688623
0.0431137724550898
0.029940119760479
0.0143712574850299
0.0227544910179641
0.00359281437125748
0.00718562874251497
0.00838323353293413
0.0191616766467066
0.00838323353293413
0.0167664670658683
0.0239520958083832
0.0191616766467066
0.00119760479041916
0.00598802395209581
0.0335329341317365
0.00479041916167665
0.00958083832335329
0.00958083832335329
0.0263473053892216
0.0131736526946108
0.154491017964072
0.110179640718563
0.0323353293413174
0.0598802395209581
0.0131736526946108
0.0167664670658683
0.0155688622754491
0.0287425149700599
0.0155688622754491
0.0287425149700599
0.0455089820359281
0.0502994011976048
0.00239520958083832
0.0107784431137725
0.106586826347305
0.0119760479041916
0.0311377245508982
0.0251497005988024
0.116167664670659
0.0227544910179641
0.0862275449101796
0.074251497005988
0.029940119760479
0.0766467065868263
0.00958083832335329
0.0191616766467066
0.0215568862275449
0.0239520958083832
0.0143712574850299
0.0215568862275449
0.0467065868263473
0.0335329341317365
0.00479041916167665
0.0227544910179641
0.0622754491017964
0.0119760479041916
0.0275449101796407
0.0131736526946108
0.0766467065868263
0.0119760479041916
0.810778443113772
0.277844311377246
0.105389221556886
0.263473053892216
0.0323353293413174
0.0431137724550898
0.0323353293413174
0.0479041916167665
0.044311377245509
0.140119760479042
0.192814371257485
0.192814371257485
0.0131736526946108
0.0802395209580838
0.658682634730539
0.0467065868263473
0.0862275449101796
0.0646706586826347
1
0.0598802395209581
0.088622754491018
0.0479041916167665
0.0263473053892216
0.0383233532934132
0.00838323353293413
0.00958083832335329
0.00838323353293413
0.0275449101796407
0.00958083832335329
0.0179640718562874
0.0335329341317365
0.0155688622754491
0.00119760479041916
0.0167664670658683
0.0467065868263473
0.00718562874251497
0.0287425149700599
0.00958083832335329
0.0790419161676647
0.00718562874251497
