522
379
121
285
25
56
65
154
71
110
263
149
12
48
442
33
125
112
526
65
393
235
65
196
17
27
25
77
50
65
153
96
9
22
306
29
89
64
339
46
80
94
23
67
5
14
21
50
11
22
61
45
3
9
79
11
34
30
106
13
240
257
66
264
6
36
23
67
30
49
131
161
9
34
211
15
65
54
256
26
53
25
6
37
7
3
11
15
7
11
16
13
2
3
43
6
7
5
37
5
50
48
13
35
2
11
5
19
10
13
33
28
0
6
31
7
10
13
37
4
54
42
21
13
7
2
18
25
12
15
26
17
3
15
26
5
13
10
42
15
150
63
41
55
16
18
23
75
18
42
64
49
9
26
52
21
45
39
81
34
74
31
15
26
7
12
13
27
9
21
26
20
3
10
28
5
21
11
44
9
120
67
30
58
10
10
16
56
12
37
45
35
7
14
77
12
21
28
87
19
260
148
63
105
15
26
29
84
30
68
107
87
7
21
136
23
42
51
164
35
156
144
35
138
9
25
15
47
18
34
86
95
7
16
149
6
39
43
178
15
17
15
2
9
1
2
2
7
1
3
9
13
1
1
15
0
2
2
18
2
69
27
17
19
11
5
8
13
6
15
23
14
4
8
47
5
20
8
39
7
398
276
97
318
23
46
26
60
33
67
160
198
19
31
333
28
81
61
377
42
36
28
12
24
4
6
7
14
5
19
25
13
1
4
20
5
9
8
17
8
133
91
25
57
15
13
18
21
18
23
36
31
4
11
92
11
32
18
99
24
80
70
29
56
7
16
14
24
18
21
41
48
3
14
59
7
28
13
74
9
636
239
79
214
28
42
33
57
44
109
164
129
19
60
506
32
65
57
773
46
64
40
24
30
6
7
9
29
9
19
33
16
1
13
26
4
27
7
60
10
