513
394
117
317
26
60
56
144
62
114
263
184
12
48
470
33
133
111
574
56
432
234
57
221
23
30
24
66
45
75
162
103
8
20
310
29
79
61
371
38
81
92
21
68
4
12
18
38
12
23
55
37
4
7
82
13
36
25
107
12
246
278
72
298
7
44
14
67
41
45
140
187
10
26
228
21
65
67
274
29
57
30
5
30
3
7
9
8
5
8
22
14
2
2
38
5
7
4
34
5
47
54
14
41
3
11
7
16
4
7
25
27
3
4
37
3
18
15
49
4
51
29
17
13
6
1
16
29
6
13
33
12
3
8
23
6
8
6
38
16
162
64
32
58
14
20
25
65
16
41
60
48
6
19
56
20
31
31
84
26
69
33
10
26
7
9
10
24
7
16
22
11
5
5
37
8
17
11
38
8
116
64
23
61
10
8
11
56
12
34
50
32
5
13
76
15
24
28
81
14
252
154
54
109
17
30
22
99
25
55
107
96
7
24
148
25
45
40
176
34
177
180
36
141
6
24
13
48
17
29
99
96
4
13
167
8
44
44
192
22
17
16
5
8
1
2
2
8
1
4
7
10
0
1
15
0
3
3
12
5
55
25
13
22
8
3
8
13
5
14
21
14
2
9
40
4
15
8
42
5
418
287
93
345
17
47
26
57
31
56
168
221
21
35
357
23
78
67
407
51
35
27
12
27
4
5
12
15
7
17
22
17
2
5
21
3
8
8
25
10
124
76
33
59
9
15
14
19
8
24
51
36
2
7
98
12
24
14
100
23
82
78
24
74
6
17
12
20
12
20
31
41
4
13
54
10
23
12
63
13
704
252
94
209
27
39
28
60
51
123
152
156
19
60
527
40
72
50
824
50
69
39
19
36
6
6
7
26
6
16
29
21
2
7
26
4
23
9
67
8
