512
418
129
291
26
60
70
160
72
118
285
155
11
51
470
36
140
115
562
65
412
246
60
197
20
28
36
96
56
85
160
104
7
30
312
29
106
76
384
39
90
91
40
81
4
14
24
45
15
27
60
40
5
10
91
11
43
32
107
14
229
267
71
273
5
46
19
57
29
47
130
160
9
33
235
23
63
63
278
28
58
30
8
30
7
5
9
18
8
9
18
16
2
6
39
4
8
5
42
3
45
51
12
40
4
6
4
17
7
9
30
25
1
5
46
2
19
11
49
5
55
37
24
16
6
2
23
32
13
14
39
19
4
11
34
6
17
17
44
16
164
64
42
55
21
22
34
82
24
45
67
54
7
33
61
16
42
33
93
32
73
45
15
30
7
12
9
31
7
18
25
24
6
12
28
4
13
11
42
8
135
62
25
60
9
11
22
54
17
35
42
33
4
16
87
14
34
27
107
23
265
178
68
124
15
30
30
107
25
58
119
84
5
22
152
23
42
52
169
27
173
152
37
130
8
25
15
44
22
43
118
96
11
16
162
9
50
45
171
21
15
19
6
5
1
1
3
4
1
5
7
9
2
2
13
0
3
2
17
3
69
33
18
25
7
3
13
13
7
22
25
23
1
8
49
4
15
9
35
13
432
301
100
339
24
46
19
65
33
74
199
225
14
37
330
28
96
73
394
50
28
23
15
22
5
4
9
16
4
16
23
21
2
6
29
4
4
9
24
4
141
103
36
50
12
12
30
29
17
28
45
39
3
19
109
8
39
19
113
27
106
81
26
66
8
16
22
25
15
20
41
39
6
13
66
4
28
15
67
18
695
255
91
209
37
42
31
70
40
128
133
168
20
51
534
38
98
60
783
50
71
42
26
28
8
6
7
26
8
17
30
18
0
12
37
5
24
12
68
8
