0.645583424209378
0.498364231188659
0.148309705561614
0.378407851690294
0.0327153762268266
0.0719738276990185
0.0752453653217012
0.185387131952017
0.0796074154852781
0.141766630316249
0.320610687022901
0.222464558342421
0.0152671755725191
0.0556161395856052
0.581243184296619
0.0436205016357688
0.159214830970556
0.145038167938931
0.658669574700109
0.0752453653217012
0.50381679389313
0.331515812431843
0.099236641221374
0.247546346782988
0.0294438386041439
0.0425299890948746
0.0392584514721919
0.100327153762268
0.0588876772082879
0.102508178844057
0.205016357688113
0.135223555070883
0.00654307524536532
0.0305343511450382
0.394765539803708
0.0403489640130862
0.112322791712105
0.0883315158124318
0.437295528898582
0.0468920392584515
0.100327153762268
0.11123227917121
0.0294438386041439
0.0948745910577972
0.00763358778625954
0.0174482006543075
0.0239912758996728
0.0567066521264995
0.0185387131952017
0.0250817884405671
0.0599781897491821
0.054525627044711
0.00763358778625954
0.00872410032715376
0.105779716466739
0.0109051254089422
0.0403489640130862
0.0272628135223555
0.117775354416576
0.0185387131952017
0.318429661941112
0.343511450381679
0.0774263904034896
0.36423118865867
0.00872410032715376
0.0665212649945474
0.0218102508178844
0.0697928026172301
0.0370774263904035
0.0730643402399128
0.175572519083969
0.220283533260632
0.0174482006543075
0.0414394765539804
0.290076335877863
0.0250817884405671
0.0861504907306434
0.0752453653217012
0.344601962922574
0.0458015267175573
0.0556161395856052
0.0348964013086151
0.00763358778625954
0.0479825517993457
0.00763358778625954
0.00654307524536532
0.00763358778625954
0.0141766630316249
0.00763358778625954
0.0130861504907306
0.0163576881134133
0.019629225736096
0.00109051254089422
0.00763358778625954
0.0490730643402399
0.00763358778625954
0.00981461286804798
0.0054525627044711
0.044711014176663
0.00436205016357688
0.0599781897491821
0.074154852780807
0.0250817884405671
0.0577971646673937
0.00327153762268266
0.00763358778625954
0.00436205016357688
0.0261723009814613
0.00872410032715376
0.0109051254089422
0.0403489640130862
0.0338058887677208
0.00436205016357688
0.0054525627044711
0.0523446019629226
0.00654307524536532
0.0163576881134133
0.0109051254089422
0.0556161395856052
0.00327153762268266
0.0567066521264995
0.0436205016357688
0.0261723009814613
0.0185387131952017
0.00763358778625954
0.00327153762268266
0.0163576881134133
0.0305343511450382
0.0163576881134133
0.0174482006543075
0.0305343511450382
0.0229007633587786
0.00327153762268266
0.0152671755725191
0.0338058887677208
0.0054525627044711
0.0163576881134133
0.0130861504907306
0.0501635768811341
0.0152671755725191
0.166848418756816
0.0774263904034896
0.0436205016357688
0.0697928026172301
0.0207197382769902
0.0239912758996728
0.0359869138495093
0.0817884405670665
0.0294438386041439
0.044711014176663
0.074154852780807
0.064340239912759
0.0109051254089422
0.0272628135223555
0.0719738276990185
0.0218102508178844
0.0479825517993457
0.0414394765539804
0.0872410032715376
0.0272628135223555
0.0861504907306434
0.044711014176663
0.0185387131952017
0.0381679389312977
0.00872410032715376
0.0119956379498364
0.00654307524536532
0.0316248636859324
0.00763358778625954
0.0207197382769902
0.0294438386041439
0.0218102508178844
0.0054525627044711
0.00763358778625954
0.0348964013086151
0.00654307524536532
0.0239912758996728
0.00981461286804798
0.0468920392584515
0.00981461286804798
0.16793893129771
0.0785169029443839
0.0327153762268266
0.0872410032715376
0.0141766630316249
0.00872410032715376
0.0174482006543075
0.0632497273718648
0.0163576881134133
0.044711014176663
0.0556161395856052
0.0370774263904035
0.00654307524536532
0.0119956379498364
0.0894220283533261
0.019629225736096
0.0381679389312977
0.0348964013086151
0.114503816793893
0.0283533260632497
0.319520174482007
0.184296619411123
0.0599781897491821
0.158124318429662
0.0174482006543075
0.0338058887677208
0.0305343511450382
0.0970556161395856
0.0327153762268266
0.083969465648855
0.130861504907306
0.0948745910577972
0.0054525627044711
0.0261723009814613
0.198473282442748
0.0250817884405671
0.0512540894220284
0.0621592148309706
0.200654307524537
0.0392584514721919
0.212649945474373
0.205016357688113
0.0425299890948746
0.183206106870229
0.0119956379498364
0.0348964013086151
0.019629225736096
0.054525627044711
0.0250817884405671
0.0403489640130862
0.124318429661941
0.127589967284624
0.0109051254089422
0.0174482006543075
0.205016357688113
0.00872410032715376
0.054525627044711
0.0588876772082879
0.241003271537623
0.0229007633587786
0.0163576881134133
0.019629225736096
0.00327153762268266
0.00872410032715376
0
0.00218102508178844
0.00327153762268266
0.00872410032715376
0.00109051254089422
0.00436205016357688
0.00763358778625954
0.0152671755725191
0.00109051254089422
0.00218102508178844
0.0174482006543075
0.00109051254089422
0.00327153762268266
0.00327153762268266
0.0239912758996728
0.00327153762268266
0.0850599781897492
0.0425299890948746
0.0207197382769902
0.0272628135223555
0.00654307524536532
0.00654307524536532
0.0130861504907306
0.0174482006543075
0.00654307524536532
0.0174482006543075
0.0294438386041439
0.0218102508178844
0.00327153762268266
0.0130861504907306
0.0512540894220284
0.00327153762268266
0.0130861504907306
0.00763358778625954
0.0479825517993457
0.00981461286804798
0.53217011995638
0.369683751363141
0.107960741548528
0.435114503816794
0.0261723009814613
0.0654307524536532
0.0261723009814613
0.0632497273718648
0.0327153762268266
0.0894220283533261
0.20937840785169
0.275899672846238
0.0229007633587786
0.0468920392584515
0.415485278080698
0.0261723009814613
0.104689203925845
0.074154852780807
0.517993456924755
0.0512540894220284
0.044711014176663
0.0370774263904035
0.0152671755725191
0.0239912758996728
0.00436205016357688
0.00654307524536532
0.00981461286804798
0.0207197382769902
0.00872410032715376
0.0174482006543075
0.0283533260632497
0.0185387131952017
0.00109051254089422
0.0054525627044711
0.0381679389312977
0.00654307524536532
0.00763358778625954
0.00981461286804798
0.0229007633587786
0.0054525627044711
0.148309705561614
0.125408942202835
0.0359869138495093
0.0588876772082879
0.0152671755725191
0.0207197382769902
0.0283533260632497
0.0338058887677208
0.0152671755725191
0.0348964013086151
0.0523446019629226
0.0468920392584515
0.00436205016357688
0.0185387131952017
0.117775354416576
0.0109051254089422
0.044711014176663
0.019629225736096
0.122137404580153
0.0239912758996728
0.106870229007634
0.0872410032715376
0.0359869138495093
0.0894220283533261
0.00981461286804798
0.0174482006543075
0.0207197382769902
0.0283533260632497
0.0141766630316249
0.0218102508178844
0.0501635768811341
0.0512540894220284
0.0054525627044711
0.019629225736096
0.0599781897491821
0.00763358778625954
0.0272628135223555
0.0174482006543075
0.0959651035986914
0.0119956379498364
0.840785169029444
0.306434023991276
0.0959651035986914
0.280261723009815
0.0327153762268266
0.0523446019629226
0.0348964013086151
0.0577971646673937
0.0425299890948746
0.142857142857143
0.182115594329335
0.19629225736096
0.0152671755725191
0.0687022900763359
0.646673936750273
0.0512540894220284
0.099236641221374
0.0665212649945474
1
0.0599781897491821
0.0872410032715376
0.0523446019629226
0.0185387131952017
0.0392584514721919
0.00436205016357688
0.00872410032715376
0.00763358778625954
0.0272628135223555
0.0119956379498364
0.0218102508178844
0.0327153762268266
0.0239912758996728
0
0.0141766630316249
0.044711014176663
0.0054525627044711
0.0261723009814613
0.0109051254089422
0.064340239912759
0.0119956379498364
