563
429
130
318
29
58
73
168
76
132
323
184
17
47
456
41
138
128
598
78
441
255
70
218
19
36
35
86
54
87
184
117
8
32
332
28
107
81
389
50
103
119
37
91
4
15
24
44
14
25
67
43
8
12
85
9
41
25
115
17
248
289
86
274
9
54
14
62
43
66
149
188
15
34
235
17
69
71
286
34
55
42
6
36
6
6
9
15
5
12
16
17
3
4
32
4
12
6
37
4
61
58
14
40
4
6
5
16
5
12
40
27
2
6
42
6
15
10
53
4
61
44
17
15
7
4
18
34
12
15
34
18
5
9
36
6
20
12
44
17
170
77
42
53
20
28
27
79
20
39
62
46
5
28
75
20
56
36
96
36
75
38
22
32
7
10
14
32
10
22
32
21
4
9
29
8
12
11
43
8
138
82
24
71
10
10
19
71
16
36
56
39
6
16
82
18
31
29
109
21
272
164
69
135
17
31
37
107
33
65
111
97
7
18
166
25
51
61
187
39
188
167
46
160
10
29
19
47
24
29
96
110
6
9
170
6
44
46
201
25
13
13
4
10
2
2
3
6
1
6
11
10
1
0
20
1
4
5
16
5
78
38
17
17
7
7
12
17
7
21
20
17
3
8
40
4
14
7
42
13
454
304
99
358
26
48
28
73
29
79
185
208
23
42
354
22
99
74
403
51
38
26
14
16
3
5
11
18
10
18
23
17
1
5
29
3
5
6
22
8
128
95
40
59
13
15
21
23
17
31
47
41
2
23
115
9
33
18
121
28
116
74
36
81
5
13
18
25
18
30
41
42
4
18
63
6
22
12
73
14
728
274
103
229
32
45
33
69
34
138
161
172
13
54
560
39
83
67
846
57
75
53
29
37
6
7
8
24
11
22
36
19
2
16
45
6
28
9
73
11
