600
419
122
334
27
66
68
167
77
113
293
204
14
53
504
45
149
110
630
78
444
256
72
212
28
31
33
95
50
70
186
109
7
23
344
29
106
72
388
46
96
109
30
80
4
17
26
51
10
19
61
53
6
13
86
9
45
23
111
19
275
308
84
291
11
55
16
71
36
60
154
176
13
34
237
23
74
64
285
41
45
34
4
36
1
3
6
15
3
11
18
23
1
5
38
3
11
5
52
6
61
57
20
47
3
7
5
27
6
12
29
26
3
4
47
5
7
12
51
5
57
48
22
21
5
5
10
26
13
14
28
17
2
11
28
3
19
9
44
16
162
73
42
56
10
20
26
79
20
40
66
50
5
28
70
21
56
44
91
37
81
43
20
25
4
14
13
23
7
18
30
20
2
9
34
3
17
10
43
10
129
71
30
55
10
11
17
67
17
39
44
38
4
19
83
8
24
23
114
21
280
162
62
143
16
29
34
86
29
72
117
93
8
26
182
22
45
54
192
41
185
170
46
188
11
30
12
38
19
37
109
106
8
10
175
5
48
43
204
20
17
12
2
12
2
2
2
5
0
3
6
9
0
1
16
1
2
4
14
3
74
37
13
23
7
4
7
13
9
16
27
17
2
11
44
3
16
9
53
9
481
312
106
357
26
56
30
73
34
66
205
227
20
34
371
16
102
63
414
49
41
33
12
15
2
6
8
18
9
11
19
18
0
3
31
5
7
7
19
8
137
104
32
64
14
14
23
30
17
37
49
38
1
17
101
12
30
19
124
24
92
67
28
74
8
17
20
18
18
23
42
43
4
18
51
6
25
18
69
15
743
254
101
248
31
44
32
64
40
145
172
181
12
61
563
47
85
60
937
66
89
47
26
34
9
6
10
31
12
19
41
18
2
15
41
6
22
10
75
11
