580
428
138
342
26
65
78
173
72
131
307
204
17
52
503
46
161
125
591
75
457
267
83
219
31
36
41
104
54
81
179
113
9
39
350
33
116
80
378
50
103
113
33
96
5
14
24
56
22
28
65
43
9
11
80
9
41
32
109
15
281
328
72
316
10
51
18
59
44
50
164
191
16
36
258
17
80
68
302
39
60
26
6
41
4
6
6
20
9
9
22
18
2
5
44
7
9
5
44
3
54
55
18
47
6
8
7
18
9
10
31
23
1
5
44
5
18
10
45
6
58
53
27
19
7
3
20
38
13
19
35
23
4
14
29
6
22
10
49
13
163
78
48
62
15
14
38
87
20
45
75
56
8
31
77
19
51
43
99
31
78
44
19
33
6
12
10
34
8
22
31
24
6
10
33
10
20
12
48
6
154
79
31
73
12
8
23
57
17
36
59
33
5
12
74
14
32
29
103
19
301
181
69
142
18
28
31
98
36
78
124
91
8
25
172
26
52
54
186
43
179
186
47
167
11
21
17
46
24
33
110
102
8
13
178
5
48
40
177
26
17
19
6
12
1
3
3
9
1
6
7
9
1
0
19
2
3
1
17
5
89
35
19
25
6
6
15
12
8
19
27
16
1
11
45
2
18
10
45
14
473
321
101
364
28
57
29
70
27
70
209
222
27
40
364
26
85
68
416
50
39
33
12
22
3
7
12
19
9
18
19
20
1
6
31
8
6
9
27
5
153
115
39
58
19
16
26
32
18
30
51
37
1
13
118
12
39
21
112
32
94
70
31
79
5
17
20
24
23
27
47
45
4
21
58
7
32
14
87
12
715
258
89
252
35
42
34
73
44
136
166
151
13
64
532
45
86
76
886
58
90
44
24
36
7
7
10
31
8
22
37
18
1
16
42
8
30
14
56
8
