545
407
114
319
32
60
64
164
75
109
294
170
14
49
496
34
138
115
585
76
450
262
78
226
21
36
31
83
44
78
161
112
7
25
318
29
100
64
364
40
98
95
34
69
5
17
23
36
13
24
59
51
6
8
81
9
42
28
117
21
261
282
82
298
7
57
18
60
37
63
150
165
12
30
228
22
63
62
296
36
60
34
5
35
5
5
8
12
4
10
23
19
2
5
31
3
11
5
39
5
45
55
17
42
4
6
8
23
4
10
28
32
3
7
46
3
14
6
44
3
47
39
18
18
9
2
13
37
12
18
34
22
3
12
22
7
14
10
45
18
152
69
47
63
17
16
27
82
18
39
63
46
3
25
62
20
53
38
86
36
69
40
13
27
7
9
11
31
6
17
23
19
6
9
29
7
18
9
38
10
121
77
24
65
7
8
18
68
17
46
54
39
3
12
77
16
21
25
90
15
249
177
64
138
20
28
33
94
29
60
100
91
8
20
156
26
43
52
192
40
187
162
47
150
11
27
18
42
21
25
105
97
7
8
176
8
45
42
183
22
16
13
3
6
2
0
2
4
0
4
5
7
1
1
19
0
4
2
15
4
70
26
10
18
9
5
6
16
6
20
23
19
0
7
36
3
17
11
51
4
441
295
102
333
17
44
28
64
29
64
178
217
18
33
341
25
86
78
424
41
30
26
14
19
2
8
8
19
9
16
26
15
1
7
27
6
6
10
26
9
123
101
29
58
9
16
24
29
13
32
49
37
1
14
102
9
22
20
109
25
91
72
27
78
12
12
18
21
16
19
40
46
2
16
50
7
24
11
75
15
737
257
89
248
28
40
33
53
34
134
167
163
11
58
530
47
86
55
806
56
90
54
22
25
6
6
9
25
11
17
40
18
1
11
39
3
20
12
67
13
