0.675776397515528
0.481987577639752
0.141614906832298
0.359006211180124
0.0260869565217391
0.0583850931677019
0.0745341614906832
0.177639751552795
0.0633540372670807
0.119254658385093
0.340372670807453
0.214906832298137
0.0186335403726708
0.0484472049689441
0.590062111801242
0.0459627329192547
0.161490683229814
0.144099378881988
0.750310559006211
0.0869565217391304
0.504347826086956
0.288198757763975
0.0807453416149068
0.249689440993789
0.022360248447205
0.0422360248447205
0.0298136645962733
0.105590062111801
0.053416149068323
0.101863354037267
0.185093167701863
0.132919254658385
0.00993788819875776
0.031055900621118
0.407453416149068
0.0322981366459627
0.11304347826087
0.0944099378881988
0.429813664596273
0.0571428571428571
0.0944099378881988
0.122981366459627
0.031055900621118
0.0906832298136646
0.00248447204968944
0.0198757763975155
0.0149068322981366
0.0509316770186335
0.0149068322981366
0.0273291925465838
0.0596273291925466
0.0509316770186335
0.00372670807453416
0.0173913043478261
0.0819875776397515
0.0111801242236025
0.053416149068323
0.0273291925465838
0.127950310559006
0.0186335403726708
0.308074534161491
0.316770186335404
0.0919254658385093
0.341614906832298
0.00496894409937888
0.0608695652173913
0.0248447204968944
0.0695652173913043
0.0422360248447205
0.0670807453416149
0.147826086956522
0.183850931677019
0.00993788819875776
0.0360248447204969
0.270807453416149
0.0149068322981366
0.0881987577639751
0.0919254658385093
0.361490683229814
0.0422360248447205
0.0645962732919255
0.0347826086956522
0.00745341614906832
0.0347826086956522
0.0062111801242236
0.00248447204968944
0.00993788819875776
0.0161490683229814
0.00869565217391304
0.00993788819875776
0.0149068322981366
0.0211180124223602
0.00124223602484472
0.0062111801242236
0.0347826086956522
0.00496894409937888
0.0149068322981366
0.0062111801242236
0.0447204968944099
0.00248447204968944
0.0559006211180124
0.0658385093167702
0.0186335403726708
0.0546583850931677
0.00372670807453416
0.00745341614906832
0.00248447204968944
0.0248447204968944
0.00869565217391304
0.00993788819875776
0.0372670807453416
0.0347826086956522
0.00496894409937888
0.00372670807453416
0.0472049689440994
0.0062111801242236
0.0173913043478261
0.0149068322981366
0.0521739130434783
0.00745341614906832
0.0633540372670807
0.0385093167701863
0.0161490683229814
0.0111801242236025
0.0062111801242236
0.00124223602484472
0.0149068322981366
0.0347826086956522
0.0111801242236025
0.0149068322981366
0.031055900621118
0.0149068322981366
0.00248447204968944
0.00372670807453416
0.0322981366459627
0.00745341614906832
0.0186335403726708
0.0173913043478261
0.0447204968944099
0.0211180124223602
0.202484472049689
0.0819875776397515
0.0459627329192547
0.0695652173913043
0.0149068322981366
0.031055900621118
0.0273291925465838
0.0869565217391304
0.0236024844720497
0.0496894409937888
0.0571428571428571
0.0683229813664596
0.00745341614906832
0.0298136645962733
0.0633540372670807
0.0248447204968944
0.062111801242236
0.0347826086956522
0.103105590062112
0.0347826086956522
0.0720496894409938
0.0322981366459627
0.0149068322981366
0.031055900621118
0.00745341614906832
0.00993788819875776
0.0124223602484472
0.0285714285714286
0.00869565217391304
0.0273291925465838
0.0335403726708075
0.022360248447205
0.00248447204968944
0.0124223602484472
0.0347826086956522
0.00496894409937888
0.0186335403726708
0.0111801242236025
0.0472049689440994
0.0149068322981366
0.13167701863354
0.0881987577639751
0.0198757763975155
0.0708074534161491
0.0136645962732919
0.0111801242236025
0.0186335403726708
0.0795031055900621
0.0198757763975155
0.0484472049689441
0.0496894409937888
0.0397515527950311
0.00496894409937888
0.0248447204968944
0.093167701863354
0.0186335403726708
0.0298136645962733
0.0285714285714286
0.11055900621118
0.0273291925465838
0.295652173913043
0.188819875776398
0.0658385093167702
0.13416149068323
0.0186335403726708
0.0385093167701863
0.0347826086956522
0.109316770186335
0.0236024844720497
0.0670807453416149
0.124223602484472
0.109316770186335
0.00745341614906832
0.0236024844720497
0.182608695652174
0.0285714285714286
0.0484472049689441
0.0521739130434783
0.213664596273292
0.0409937888198758
0.218633540372671
0.201242236024845
0.0447204968944099
0.185093167701863
0.0111801242236025
0.031055900621118
0.022360248447205
0.0521739130434783
0.0173913043478261
0.0273291925465838
0.121739130434783
0.121739130434783
0.00496894409937888
0.0149068322981366
0.212422360248447
0.0062111801242236
0.062111801242236
0.0422360248447205
0.240993788819876
0.0186335403726708
0.0111801242236025
0.0149068322981366
0.00372670807453416
0.00869565217391304
0.00124223602484472
0.00248447204968944
0
0.00496894409937888
0
0.00372670807453416
0.00869565217391304
0.0124223602484472
0.00248447204968944
0.00248447204968944
0.0149068322981366
0.00124223602484472
0.00248447204968944
0.00372670807453416
0.0161490683229814
0.00496894409937888
0.084472049689441
0.0335403726708075
0.0149068322981366
0.0211180124223602
0.0111801242236025
0.0062111801242236
0.00869565217391304
0.0186335403726708
0.00496894409937888
0.0236024844720497
0.0298136645962733
0.0186335403726708
0.00372670807453416
0.0111801242236025
0.0496894409937888
0.00745341614906832
0.0198757763975155
0.00745341614906832
0.0509316770186335
0.0136645962732919
0.53416149068323
0.371428571428571
0.115527950310559
0.417391304347826
0.0173913043478261
0.0645962732919255
0.0285714285714286
0.0770186335403727
0.0335403726708075
0.0770186335403727
0.207453416149068
0.26832298136646
0.0186335403726708
0.0434782608695652
0.407453416149068
0.0347826086956522
0.104347826086957
0.0906832298136646
0.48944099378882
0.0559006211180124
0.0459627329192547
0.031055900621118
0.0161490683229814
0.0173913043478261
0.00372670807453416
0.00869565217391304
0.00993788819875776
0.022360248447205
0.0111801242236025
0.0198757763975155
0.0285714285714286
0.0273291925465838
0.00124223602484472
0.0062111801242236
0.031055900621118
0.00248447204968944
0.00869565217391304
0.0062111801242236
0.0236024844720497
0.00745341614906832
0.185093167701863
0.125465838509317
0.0335403726708075
0.0583850931677019
0.0136645962732919
0.0149068322981366
0.0173913043478261
0.0285714285714286
0.0161490683229814
0.031055900621118
0.0559006211180124
0.0472049689440994
0.00248447204968944
0.0173913043478261
0.13416149068323
0.0136645962732919
0.0434782608695652
0.0211180124223602
0.146583850931677
0.0285714285714286
0.101863354037267
0.0993788819875776
0.0372670807453416
0.0857142857142857
0.00745341614906832
0.0136645962732919
0.0161490683229814
0.031055900621118
0.0211180124223602
0.0248447204968944
0.0459627329192547
0.0571428571428571
0.00248447204968944
0.0260869565217391
0.0732919254658385
0.00993788819875776
0.0298136645962733
0.0136645962732919
0.0782608695652174
0.00993788819875776
0.872049689440994
0.315527950310559
0.103105590062112
0.308074534161491
0.0322981366459627
0.0496894409937888
0.031055900621118
0.0658385093167702
0.0509316770186335
0.15776397515528
0.191304347826087
0.188819875776398
0.0124223602484472
0.0608695652173913
0.650931677018634
0.0434782608695652
0.109316770186335
0.0782608695652174
1
0.0683229813664596
0.0857142857142857
0.0546583850931677
0.022360248447205
0.0322981366459627
0.00869565217391304
0.00745341614906832
0.00745341614906832
0.0347826086956522
0.0136645962732919
0.022360248447205
0.0397515527950311
0.0248447204968944
0.00124223602484472
0.0211180124223602
0.0496894409937888
0.00993788819875776
0.0322981366459627
0.0062111801242236
0.0869565217391304
0.0111801242236025
