538
415
133
310
27
62
73
176
80
125
268
186
14
53
479
32
130
117
585
74
431
233
67
236
25
30
35
98
51
73
176
115
4
32
329
29
99
68
366
50
102
113
22
70
5
16
22
56
15
20
68
42
7
13
84
8
37
24
107
13
266
285
71
286
7
48
17
81
38
61
148
154
12
20
230
22
66
69
291
33
48
30
9
33
7
5
9
18
6
11
24
17
3
4
43
5
10
4
47
6
55
52
14
44
2
11
6
25
6
7
33
28
4
7
40
5
8
8
43
6
54
42
23
15
6
4
14
31
11
18
35
10
2
10
28
5
14
13
43
20
165
72
53
69
19
26
31
84
22
40
72
64
7
27
62
25
50
34
99
34
84
41
15
27
5
12
16
29
6
18
39
24
5
7
32
5
22
12
51
12
142
78
30
63
9
11
13
58
19
37
56
31
4
14
75
13
23
25
96
19
264
178
71
121
18
31
28
106
30
73
124
93
9
22
171
28
51
53
174
37
178
166
45
153
10
22
14
42
22
39
107
95
8
11
163
6
51
38
202
23
17
15
4
9
2
0
2
4
1
4
9
10
2
2
18
1
3
3
16
3
73
26
11
21
9
3
9
11
9
14
29
13
2
10
43
2
21
9
40
10
452
287
90
332
27
48
24
74
39
69
187
218
19
29
339
25
87
73
417
42
35
26
12
21
5
6
6
17
10
13
23
14
0
7
29
6
4
5
23
5
122
104
32
62
14
17
17
23
21
34
52
33
2
16
99
8
31
19
115
22
88
80
24
64
8
11
19
26
22
22
40
47
4
15
56
2
22
15
80
13
713
265
98
240
36
39
34
66
45
121
157
177
17
57
522
36
98
61
811
60
74
52
24
32
7
6
9
31
9
18
36
26
1
10
42
5
23
8
68
9
