502
396
108
289
20
47
61
131
71
116
264
167
13
43
438
28
133
114
581
69
409
228
64
211
17
32
37
73
42
72
150
104
7
21
314
30
97
69
340
42
89
92
29
69
5
12
19
40
14
26
48
43
7
9
82
10
34
27
103
15
240
274
72
289
4
53
19
58
28
53
133
179
11
34
224
14
76
58
274
30
48
25
6
28
5
4
6
13
5
8
19
17
0
6
33
5
6
7
41
2
44
42
18
48
4
8
5
27
5
10
26
17
1
5
43
4
14
10
45
4
46
36
19
13
7
3
13
34
13
14
25
20
2
10
23
4
15
10
38
14
155
54
34
60
13
22
21
63
16
40
56
44
2
21
46
16
49
29
84
26
64
28
17
31
6
5
5
31
6
15
21
16
2
9
26
7
12
9
39
4
119
75
28
55
4
9
14
57
14
45
56
32
3
17
68
15
31
29
87
18
229
142
58
122
17
28
35
80
27
48
95
74
5
18
142
21
42
48
177
35
176
161
37
149
11
29
15
33
17
32
96
102
6
13
160
5
44
44
168
21
13
12
1
11
1
2
2
3
0
3
4
7
0
0
16
0
3
4
13
2
57
26
13
25
6
6
9
17
4
18
21
18
2
7
35
4
14
10
48
7
413
293
100
328
19
38
21
47
24
61
156
198
19
33
303
25
80
79
410
37
33
22
17
16
3
7
10
15
4
15
18
12
1
4
31
6
5
4
25
5
131
90
27
47
8
15
18
28
11
35
44
45
3
14
98
7
28
20
121
26
92
79
33
68
11
15
15
20
12
25
32
48
4
16
51
5
26
11
73
9
685
259
80
243
28
41
27
57
32
124
147
159
10
53
515
45
87
61
811
49
66
38
19
25
4
7
7
25
8
17
34
17
0
15
39
2
24
7
60
12
