0.612826603325416
0.458432304038005
0.122327790973872
0.370546318289786
0.0285035629453682
0.0724465558194774
0.0688836104513064
0.156769596199525
0.0688836104513064
0.143705463182898
0.317102137767221
0.191211401425178
0.0130641330166271
0.0617577197149644
0.566508313539192
0.0403800475059382
0.157957244655582
0.116389548693587
0.699524940617577
0.0938242280285036
0.501187648456057
0.2541567695962
0.0665083135391924
0.250593824228029
0.0237529691211401
0.0308788598574822
0.0249406175771971
0.0748218527315914
0.0534441805225653
0.0700712589073634
0.161520190023753
0.121140142517815
0.00950118764845606
0.0213776722090261
0.388361045130641
0.0320665083135392
0.105700712589074
0.0724465558194774
0.441805225653207
0.0534441805225653
0.0926365795724466
0.10332541567696
0.0285035629453682
0.0795724465558195
0.00593824228028504
0.0178147268408551
0.0213776722090261
0.0308788598574822
0.00831353919239905
0.0213776722090261
0.0510688836104513
0.0546318289786223
0.00593824228028504
0.0106888361045131
0.0926365795724466
0.0118764845605701
0.0403800475059382
0.0332541567695962
0.117577197149644
0.0166270783847981
0.286223277909739
0.323040380047506
0.0807600950118765
0.403800475059382
0.00356294536817102
0.0534441805225653
0.0166270783847981
0.0748218527315914
0.0498812351543943
0.0581947743467933
0.163895486935867
0.188836104513064
0.0142517814726841
0.0356294536817102
0.264845605700713
0.0273159144893112
0.0688836104513064
0.0617577197149644
0.357482185273159
0.0332541567695962
0.0570071258907363
0.0308788598574822
0.00475059382422803
0.0332541567695962
0.00237529691211401
0.00593824228028504
0.00356294536817102
0.0106888361045131
0.00237529691211401
0.00950118764845606
0.0225653206650831
0.0249406175771971
0.00356294536817102
0.00118764845605701
0.0427553444180523
0.00118764845605701
0.0130641330166271
0.00475059382422803
0.0439429928741093
0.00237529691211401
0.0558194774346793
0.0439429928741093
0.0166270783847981
0.0498812351543943
0.00356294536817102
0.00593824228028504
0.00950118764845606
0.0273159144893112
0.00593824228028504
0.0130641330166271
0.0296912114014252
0.0356294536817102
0.00237529691211401
0.00356294536817102
0.0546318289786223
0.00237529691211401
0.0154394299287411
0.0106888361045131
0.0510688836104513
0.00831353919239905
0.0415676959619952
0.0344418052256532
0.00950118764845606
0.0213776722090261
0.00712589073634204
0.00475059382422803
0.0130641330166271
0.0332541567695962
0.00831353919239905
0.0142517814726841
0.0296912114014252
0.0201900237529691
0.00356294536817102
0.00712589073634204
0.0261282660332542
0.00475059382422803
0.0142517814726841
0.00831353919239905
0.0403800475059382
0.0178147268408551
0.173396674584323
0.0641330166270784
0.0308788598574822
0.0593824228028504
0.0166270783847981
0.0201900237529691
0.0261282660332542
0.0831353919239905
0.0201900237529691
0.0439429928741093
0.0558194774346793
0.0439429928741093
0.00356294536817102
0.0308788598574822
0.0712589073634204
0.0237529691211401
0.0427553444180523
0.0332541567695962
0.100950118764846
0.0273159144893112
0.0855106888361045
0.0308788598574822
0.0190023752969121
0.0225653206650831
0.00712589073634204
0.0118764845605701
0.00712589073634204
0.0296912114014252
0.00831353919239905
0.0213776722090261
0.0285035629453682
0.0213776722090261
0.00475059382422803
0.00950118764845606
0.0356294536817102
0.0106888361045131
0.0154394299287411
0.0130641330166271
0.0463182897862233
0.00475059382422803
0.144893111638955
0.0795724465558195
0.0237529691211401
0.0688836104513064
0.00475059382422803
0.00831353919239905
0.0178147268408551
0.0629453681710214
0.0166270783847981
0.0463182897862233
0.0546318289786223
0.0344418052256532
0.00356294536817102
0.0237529691211401
0.0985748218527316
0.0106888361045131
0.0261282660332542
0.0320665083135392
0.109263657957245
0.0190023752969121
0.280285035629454
0.180522565320665
0.0617577197149644
0.137767220902613
0.0190023752969121
0.0320665083135392
0.0285035629453682
0.0985748218527316
0.0332541567695962
0.0700712589073634
0.100950118764846
0.0938242280285036
0.00593824228028504
0.0213776722090261
0.153206650831354
0.0201900237529691
0.0546318289786223
0.0486935866983373
0.220902612826603
0.0415676959619952
0.203087885985748
0.19833729216152
0.0403800475059382
0.168646080760095
0.0130641330166271
0.0320665083135392
0.0142517814726841
0.0451306413301663
0.0213776722090261
0.0403800475059382
0.106888361045131
0.108076009501188
0.0130641330166271
0.00950118764845606
0.182897862232779
0.0106888361045131
0.0534441805225653
0.0522565320665083
0.203087885985748
0.0249406175771971
0.0201900237529691
0.0154394299287411
0.00356294536817102
0.0106888361045131
0.00118764845605701
0
0.00237529691211401
0.00475059382422803
0
0.00475059382422803
0.00712589073634204
0.00712589073634204
0.00118764845605701
0.00118764845605701
0.0237529691211401
0
0.00593824228028504
0.00475059382422803
0.0190023752969121
0.00475059382422803
0.0771971496437055
0.0356294536817102
0.0118764845605701
0.0154394299287411
0.00237529691211401
0.00237529691211401
0.00593824228028504
0.0142517814726841
0.00712589073634204
0.0166270783847981
0.0190023752969121
0.0178147268408551
0.00237529691211401
0.00712589073634204
0.0439429928741093
0.00356294536817102
0.0166270783847981
0.00950118764845606
0.0641330166270784
0.0130641330166271
0.513064133016627
0.3729216152019
0.118764845605701
0.404988123515439
0.0201900237529691
0.0629453681710214
0.0285035629453682
0.0676959619952494
0.0308788598574822
0.0760095011876485
0.213776722090261
0.249406175771971
0.0237529691211401
0.0344418052256532
0.399049881235154
0.0273159144893112
0.108076009501188
0.0771971496437055
0.498812351543943
0.0356294536817102
0.0344418052256532
0.0296912114014252
0.0178147268408551
0.0225653206650831
0.00118764845605701
0.00593824228028504
0.00712589073634204
0.0154394299287411
0.00950118764845606
0.0166270783847981
0.0261282660332542
0.0213776722090261
0.00118764845605701
0.00475059382422803
0.0344418052256532
0.00831353919239905
0.00712589073634204
0.00593824228028504
0.0296912114014252
0.00237529691211401
0.154394299287411
0.0973871733966746
0.0308788598574822
0.0700712589073634
0.00831353919239905
0.0154394299287411
0.0225653206650831
0.0261282660332542
0.0190023752969121
0.0320665083135392
0.0570071258907363
0.0451306413301663
0.00237529691211401
0.0201900237529691
0.100950118764846
0.0106888361045131
0.0320665083135392
0.0142517814726841
0.141330166270784
0.0273159144893112
0.0997624703087886
0.0724465558194774
0.0356294536817102
0.0676959619952494
0.00831353919239905
0.0154394299287411
0.0106888361045131
0.0190023752969121
0.0142517814726841
0.0225653206650831
0.0391923990498812
0.0439429928741093
0.00593824228028504
0.0106888361045131
0.0653206650831354
0.00475059382422803
0.0261282660332542
0.0118764845605701
0.0878859857482185
0.0118764845605701
0.876484560570071
0.298099762470309
0.104513064133017
0.271971496437055
0.0320665083135392
0.0451306413301663
0.0201900237529691
0.0676959619952494
0.0451306413301663
0.154394299287411
0.178147268408551
0.19833729216152
0.0166270783847981
0.0593824228028504
0.687648456057007
0.0427553444180523
0.104513064133017
0.0570071258907363
1
0.0665083135391924
0.0724465558194774
0.0498812351543943
0.0213776722090261
0.0403800475059382
0.00356294536817102
0.00712589073634204
0.0106888361045131
0.0285035629453682
0.0106888361045131
0.0130641330166271
0.0427553444180523
0.0213776722090261
0.00237529691211401
0.0130641330166271
0.0415676959619952
0.00831353919239905
0.0285035629453682
0.00950118764845606
0.0783847980997625
0.0178147268408551
