0.655352480417755
0.506527415143603
0.137075718015666
0.389033942558747
0.0261096605744125
0.0731070496083551
0.0809399477806789
0.168407310704961
0.0861618798955614
0.160574412532637
0.343342036553525
0.197127937336815
0.0221932114882507
0.0522193211488251
0.58355091383812
0.0430809399477807
0.156657963446475
0.138381201044386
0.682767624020888
0.0809399477806789
0.544386422976501
0.283289817232376
0.0887728459530026
0.276762402088773
0.02088772845953
0.0417754569190601
0.0509138381201044
0.114882506527415
0.0522193211488251
0.0966057441253264
0.210182767624021
0.129242819843342
0.00913838120104439
0.0274151436031332
0.344647519582245
0.031331592689295
0.118798955613577
0.0783289817232376
0.45822454308094
0.0561357702349869
0.129242819843342
0.12402088772846
0.0378590078328982
0.0966057441253264
0.00391644908616188
0.0130548302872063
0.0287206266318538
0.0548302872062663
0.0156657963446475
0.0365535248041775
0.077023498694517
0.0443864229765013
0.00652741514360313
0.010443864229765
0.0848563968668407
0.0117493472584856
0.0483028720626632
0.0404699738903394
0.135770234986945
0.0195822454308094
0.285900783289817
0.344647519582245
0.0900783289817232
0.391644908616188
0.00652741514360313
0.0535248041775457
0.02088772845953
0.0809399477806789
0.0391644908616188
0.0548302872062663
0.189295039164491
0.197127937336815
0.0156657963446475
0.0365535248041775
0.266318537859008
0.0234986945169713
0.0848563968668407
0.0757180156657963
0.344647519582245
0.0365535248041775
0.0678851174934726
0.0391644908616188
0.010443864229765
0.031331592689295
0.00391644908616188
0.00522193211488251
0.0130548302872063
0.0169712793733681
0.00783289817232376
0.0130548302872063
0.0221932114882507
0.0169712793733681
0.00261096605744125
0.00391644908616188
0.0352480417754569
0.00130548302872063
0.0156657963446475
0.00391644908616188
0.0509138381201044
0.00522193211488251
0.0561357702349869
0.0535248041775457
0.0234986945169713
0.0548302872062663
0.00261096605744125
0.0169712793733681
0.00652741514360313
0.0195822454308094
0.00783289817232376
0.010443864229765
0.0248041775456919
0.0326370757180157
0
0.00913838120104439
0.0391644908616188
0.00391644908616188
0.0221932114882507
0.0182767624020888
0.0626631853785901
0.010443864229765
0.0548302872062663
0.0587467362924282
0.0339425587467363
0.0117493472584856
0.00783289817232376
0.00391644908616188
0.0221932114882507
0.0443864229765013
0.0169712793733681
0.0234986945169713
0.0456919060052219
0.0221932114882507
0.00391644908616188
0.0130548302872063
0.0391644908616188
0.010443864229765
0.0195822454308094
0.0156657963446475
0.0561357702349869
0.0221932114882507
0.201044386422977
0.0887728459530026
0.0613577023498695
0.0822454308093995
0.0248041775456919
0.02088772845953
0.0326370757180157
0.10313315926893
0.0221932114882507
0.0600522193211488
0.0835509138381201
0.0574412532637076
0.00522193211488251
0.0195822454308094
0.0600522193211488
0.0274151436031332
0.0548302872062663
0.0483028720626632
0.0992167101827676
0.0469973890339426
0.077023498694517
0.0469973890339426
0.02088772845953
0.0274151436031332
0.00913838120104439
0.0130548302872063
0.0156657963446475
0.0443864229765013
0.00652741514360313
0.0274151436031332
0.031331592689295
0.0182767624020888
0.00522193211488251
0.0130548302872063
0.0365535248041775
0.00913838120104439
0.0156657963446475
0.0130548302872063
0.0443864229765013
0.00783289817232376
0.171018276762402
0.0913838120104439
0.0352480417754569
0.0796344647519582
0.010443864229765
0.010443864229765
0.0274151436031332
0.0744125326370757
0.0248041775456919
0.0535248041775457
0.0652741514360313
0.0417754569190601
0.00522193211488251
0.0261096605744125
0.105744125326371
0.0130548302872063
0.0326370757180157
0.0365535248041775
0.120104438642298
0.0182767624020888
0.326370757180157
0.194516971279373
0.0809399477806789
0.147519582245431
0.02088772845953
0.0326370757180157
0.0352480417754569
0.116187989556136
0.0274151436031332
0.0861618798955614
0.131853785900783
0.10443864229765
0.00783289817232376
0.031331592689295
0.177545691906005
0.031331592689295
0.0587467362924282
0.0613577023498695
0.231070496083551
0.0417754569190601
0.203655352480418
0.201044386422977
0.0404699738903394
0.160574412532637
0.00391644908616188
0.0352480417754569
0.02088772845953
0.0574412532637076
0.0221932114882507
0.0496083550913838
0.133159268929504
0.117493472584856
0.00913838120104439
0.0156657963446475
0.191906005221932
0.00783289817232376
0.0469973890339426
0.0496083550913838
0.214099216710183
0.0234986945169713
0.0261096605744125
0.0248041775456919
0.00522193211488251
0.00522193211488251
0.00261096605744125
0
0.00261096605744125
0.00522193211488251
0.00130548302872063
0.00261096605744125
0.00652741514360313
0.0117493472584856
0
0
0.0195822454308094
0.00130548302872063
0.00130548302872063
0.00130548302872063
0.0182767624020888
0.00391644908616188
0.0822454308093995
0.0365535248041775
0.02088772845953
0.0261096605744125
0.010443864229765
0.00652741514360313
0.0130548302872063
0.0156657963446475
0.00783289817232376
0.02088772845953
0.0300261096605744
0.0195822454308094
0
0.010443864229765
0.0496083550913838
0.00261096605744125
0.0169712793733681
0.0117493472584856
0.0456919060052219
0.00783289817232376
0.506527415143603
0.381201044386423
0.109660574412533
0.379895561357702
0.0169712793733681
0.0574412532637076
0.0326370757180157
0.0809399477806789
0.0339425587467363
0.0809399477806789
0.20757180156658
0.262402088772846
0.0195822454308094
0.0391644908616188
0.390339425587467
0.0326370757180157
0.0900783289817232
0.0887728459530026
0.455613577023499
0.0496083550913838
0.0404699738903394
0.0339425587467363
0.0169712793733681
0.0274151436031332
0.00261096605744125
0.00652741514360313
0.0156657963446475
0.0248041775456919
0.00522193211488251
0.0195822454308094
0.0261096605744125
0.0182767624020888
0.00261096605744125
0.00391644908616188
0.0261096605744125
0.00391644908616188
0.00652741514360313
0.00783289817232376
0.0287206266318538
0.00652741514360313
0.160574412532637
0.109660574412533
0.0365535248041775
0.0639686684073107
0.0143603133159269
0.0195822454308094
0.0234986945169713
0.0300261096605744
0.0182767624020888
0.0443864229765013
0.0522193211488251
0.0404699738903394
0.00261096605744125
0.0143603133159269
0.117493472584856
0.0117493472584856
0.0339425587467363
0.0234986945169713
0.137075718015666
0.0326370757180157
0.118798955613577
0.097911227154047
0.0248041775456919
0.0783289817232376
0.0117493472584856
0.0221932114882507
0.0261096605744125
0.031331592689295
0.02088772845953
0.0261096605744125
0.0443864229765013
0.0587467362924282
0.00522193211488251
0.0195822454308094
0.0678851174934726
0.00522193211488251
0.0339425587467363
0.0182767624020888
0.087467362924282
0.0182767624020888
0.810704960835509
0.295039164490862
0.114882506527415
0.279373368146214
0.0352480417754569
0.0404699738903394
0.0430809399477807
0.077023498694517
0.0561357702349869
0.156657963446475
0.181462140992167
0.198433420365535
0.0169712793733681
0.0757180156657963
0.651436031331593
0.0483028720626632
0.0966057441253264
0.0822454308093995
1
0.0744125326370757
0.0861618798955614
0.0391644908616188
0.0352480417754569
0.0352480417754569
0.0130548302872063
0.00522193211488251
0.0143603133159269
0.0404699738903394
0.010443864229765
0.02088772845953
0.0417754569190601
0.0182767624020888
0
0.0130548302872063
0.0391644908616188
0.00391644908616188
0.0378590078328982
0.0117493472584856
0.0926892950391645
0.0156657963446475
