0.666666666666667
0.48494983277592
0.141583054626533
0.377926421404682
0.0356744704570792
0.0746934225195095
0.064659977703456
0.180602006688963
0.0702341137123746
0.146042363433668
0.354515050167224
0.214046822742475
0.0133779264214047
0.052396878483835
0.58974358974359
0.0468227424749164
0.17056856187291
0.136008918617614
0.686733556298774
0.0735785953177258
0.522853957636566
0.287625418060201
0.0824972129319955
0.24860646599777
0.0256410256410256
0.0445930880713489
0.0312151616499443
0.084726867335563
0.0590858416945373
0.0735785953177258
0.215161649944259
0.129319955406912
0.00780379041248606
0.0356744704570792
0.416945373467113
0.032329988851728
0.110367892976589
0.072463768115942
0.442586399108138
0.0445930880713489
0.101449275362319
0.109253065774805
0.0345596432552954
0.0802675585284281
0.00780379041248606
0.020066889632107
0.0256410256410256
0.0468227424749164
0.012263099219621
0.0312151616499443
0.0735785953177258
0.0568561872909699
0.00557413600891862
0.012263099219621
0.096989966555184
0.0111482720178372
0.0445930880713489
0.0189520624303233
0.131549609810479
0.0167224080267559
0.312151616499443
0.331103678929766
0.0836120401337793
0.377926421404682
0.00891861761426979
0.0602006688963211
0.0178372352285396
0.0668896321070234
0.0457079152731327
0.0602006688963211
0.175027870680045
0.201783723522854
0.0111482720178372
0.0312151616499443
0.285395763656633
0.0133779264214047
0.084726867335563
0.0735785953177258
0.355629877369008
0.0379041248606466
0.0579710144927536
0.0457079152731327
0.00780379041248606
0.0312151616499443
0.00111482720178372
0.00557413600891862
0.00891861761426979
0.0167224080267559
0.00334448160535117
0.0133779264214047
0.0222965440356745
0.0289855072463768
0
0.00668896321070234
0.0412486064659978
0.00557413600891862
0.0133779264214047
0.00334448160535117
0.0479375696767001
0.00668896321070234
0.0691192865105909
0.0746934225195095
0.0133779264214047
0.052396878483835
0.00334448160535117
0.0133779264214047
0.00668896321070234
0.020066889632107
0.00891861761426979
0.0156075808249721
0.0390189520624303
0.0301003344481605
0.00445930880713489
0.00668896321070234
0.0602006688963211
0.00557413600891862
0.0133779264214047
0.0100334448160535
0.0512820512820513
0.00445930880713489
0.0635451505016722
0.0546265328874025
0.020066889632107
0.0133779264214047
0.00891861761426979
0.00334448160535117
0.020066889632107
0.0334448160535117
0.0133779264214047
0.0178372352285396
0.0345596432552954
0.0167224080267559
0.00222965440356745
0.0133779264214047
0.0356744704570792
0.00334448160535117
0.0234113712374582
0.0111482720178372
0.0390189520624303
0.012263099219621
0.171683389074693
0.0735785953177258
0.0457079152731327
0.0602006688963211
0.0156075808249721
0.0222965440356745
0.0278706800445931
0.103678929765886
0.0234113712374582
0.0490523968784838
0.0746934225195095
0.0501672240802676
0.00668896321070234
0.0267558528428094
0.0668896321070234
0.0211817168338907
0.0535117056856187
0.0434782608695652
0.0981047937569677
0.0334448160535117
0.0769230769230769
0.0434782608695652
0.0189520624303233
0.0301003344481605
0.00334448160535117
0.012263099219621
0.0133779264214047
0.0289855072463768
0.0100334448160535
0.0256410256410256
0.0312151616499443
0.0156075808249721
0.00334448160535117
0.00891861761426979
0.0412486064659978
0.00668896321070234
0.0156075808249721
0.00891861761426979
0.0479375696767001
0.012263099219621
0.137123745819398
0.0791527313266444
0.0334448160535117
0.0691192865105909
0.0133779264214047
0.00780379041248606
0.0222965440356745
0.0691192865105909
0.020066889632107
0.0468227424749164
0.0602006688963211
0.0412486064659978
0.00557413600891862
0.0234113712374582
0.11371237458194
0.0144927536231884
0.0189520624303233
0.0289855072463768
0.117056856187291
0.0211817168338907
0.30546265328874
0.195094760312152
0.0713489409141583
0.1438127090301
0.0222965440356745
0.0423634336677815
0.0423634336677815
0.110367892976589
0.032329988851728
0.0858416945373467
0.127090301003344
0.0992196209587514
0.00557413600891862
0.0256410256410256
0.195094760312152
0.0245261984392419
0.0501672240802676
0.0713489409141583
0.222965440356745
0.0367892976588629
0.230769230769231
0.188405797101449
0.0468227424749164
0.202898550724638
0.012263099219621
0.0245261984392419
0.012263099219621
0.0423634336677815
0.020066889632107
0.0345596432552954
0.105908584169454
0.119286510590858
0.00780379041248606
0.0100334448160535
0.211817168338907
0.00780379041248606
0.0557413600891862
0.0468227424749164
0.237458193979933
0.0222965440356745
0.020066889632107
0.0133779264214047
0.00111482720178372
0.0111482720178372
0.00111482720178372
0.00222965440356745
0.00111482720178372
0.00668896321070234
0.00111482720178372
0.00222965440356745
0.00780379041248606
0.00780379041248606
0
0.00111482720178372
0.0156075808249721
0.00222965440356745
0.00111482720178372
0.00334448160535117
0.0178372352285396
0.00334448160535117
0.0769230769230769
0.0356744704570792
0.0133779264214047
0.0278706800445931
0.00780379041248606
0.00445930880713489
0.0144927536231884
0.0222965440356745
0.00557413600891862
0.0211817168338907
0.0222965440356745
0.0156075808249721
0.00111482720178372
0.00445930880713489
0.052396878483835
0.00334448160535117
0.0144927536231884
0.00780379041248606
0.0501672240802676
0.012263099219621
0.527313266443701
0.373467112597547
0.10479375696767
0.41917502787068
0.0301003344481605
0.0780379041248606
0.0256410256410256
0.0769230769230769
0.0367892976588629
0.0791527313266444
0.222965440356745
0.264214046822742
0.0211817168338907
0.0445930880713489
0.41917502787068
0.0278706800445931
0.119286510590858
0.0869565217391304
0.509476031215162
0.0535117056856187
0.0445930880713489
0.0301003344481605
0.0156075808249721
0.0144927536231884
0.00222965440356745
0.00445930880713489
0.00668896321070234
0.0144927536231884
0.00891861761426979
0.0156075808249721
0.0301003344481605
0.0222965440356745
0.00111482720178372
0.00445930880713489
0.0356744704570792
0.00557413600891862
0.00557413600891862
0.0100334448160535
0.020066889632107
0.00891861761426979
0.157190635451505
0.115942028985507
0.0390189520624303
0.0568561872909699
0.0156075808249721
0.0156075808249721
0.0334448160535117
0.0301003344481605
0.0144927536231884
0.0345596432552954
0.0546265328874025
0.0379041248606466
0.00334448160535117
0.0156075808249721
0.114827201783724
0.00891861761426979
0.0390189520624303
0.0267558528428094
0.128205128205128
0.0211817168338907
0.107023411371237
0.0925306577480491
0.0301003344481605
0.0791527313266444
0.00780379041248606
0.012263099219621
0.0211817168338907
0.0267558528428094
0.0144927536231884
0.0222965440356745
0.0457079152731327
0.0546265328874025
0.00445930880713489
0.0156075808249721
0.072463768115942
0.00668896321070234
0.0222965440356745
0.0100334448160535
0.0925306577480491
0.0133779264214047
0.875139353400223
0.297658862876254
0.11371237458194
0.307692307692308
0.0356744704570792
0.0468227424749164
0.0356744704570792
0.0613154960981048
0.0412486064659978
0.156075808249721
0.182831661092531
0.21850613154961
0.0156075808249721
0.0590858416945373
0.624303232998885
0.0479375696767001
0.0936454849498328
0.072463768115942
1
0.0557413600891862
0.0758082497212932
0.0546265328874025
0.0267558528428094
0.0390189520624303
0.00780379041248606
0.0100334448160535
0.00891861761426979
0.0267558528428094
0.0133779264214047
0.0133779264214047
0.032329988851728
0.0189520624303233
0.00111482720178372
0.0156075808249721
0.0390189520624303
0.00557413600891862
0.0178372352285396
0.0100334448160535
0.072463768115942
0.00557413600891862
