525
375
112
324
28
61
52
132
60
99
241
171
7
43
468
35
107
103
597
59
421
232
70
223
19
27
22
61
44
63
141
105
7
25
337
25
84
57
380
44
87
78
22
72
4
13
13
32
10
18
52
40
3
7
78
8
28
23
104
14
270
286
62
317
7
55
15
61
27
51
156
176
2
29
242
17
57
50
303
34
48
27
5
31
7
5
7
9
3
10
18
17
1
2
37
6
9
4
38
5
50
55
20
45
3
8
7
11
5
11
28
25
1
3
40
5
13
7
49
5
38
35
13
13
4
2
13
26
9
10
23
10
1
10
20
2
15
7
26
11
113
59
31
53
13
21
22
54
13
31
52
33
5
16
52
17
35
24
74
30
59
32
11
19
5
8
11
26
5
18
21
16
1
8
33
7
14
8
39
7
114
62
19
64
5
5
12
52
16
32
45
34
5
16
72
6
19
17
87
10
221
158
44
99
13
30
17
71
21
63
90
93
5
17
146
20
35
45
170
39
172
164
43
151
9
22
11
37
20
29
76
98
6
12
160
6
44
44
194
20
15
10
0
7
1
1
1
6
1
2
7
7
1
1
11
0
2
3
9
3
58
26
12
21
7
6
6
10
7
13
18
10
3
4
44
2
16
7
44
6
422
324
96
354
21
54
26
55
29
52
180
207
18
32
352
24
82
66
402
47
35
29
9
17
3
5
7
17
6
15
21
15
1
5
22
5
6
6
17
6
121
77
23
63
10
10
12
12
11
24
41
28
4
10
85
14
24
14
100
17
86
69
21
65
5
11
9
14
15
17
29
37
1
14
53
6
18
6
67
8
702
255
81
242
28
45
20
48
37
121
133
178
15
56
567
37
75
53
868
53
62
45
16
44
6
6
5
14
9
15
25
20
2
11
34
6
22
8
66
9
