0.644468313641246
0.491944146079484
0.13641245972073
0.377013963480129
0.0343716433941998
0.0612244897959184
0.0741138560687433
0.176154672395274
0.0805585392051558
0.137486573576799
0.35016111707841
0.221267454350161
0.0118152524167562
0.0741138560687433
0.584317937701396
0.0397422126745435
0.151450053705693
0.143931256713212
0.686358754027927
0.075187969924812
0.52094522019334
0.300751879699248
0.0870032223415682
0.267454350161117
0.0247046186895811
0.0365198711063373
0.033297529538131
0.0988184747583244
0.0676691729323308
0.0966702470461869
0.21374865735768
0.147153598281418
0.0075187969924812
0.033297529538131
0.385606874328679
0.0257787325456498
0.110633727175081
0.0805585392051558
0.45327604726101
0.0515574650912997
0.103114930182599
0.103114930182599
0.0365198711063373
0.0719656283566058
0.00537056928034372
0.0139634801288937
0.0247046186895811
0.0504833512352309
0.0139634801288937
0.0236305048335124
0.0633727175080559
0.0504833512352309
0.00429645542427497
0.0118152524167562
0.103114930182599
0.0150375939849624
0.0494092373791622
0.0290010741138561
0.129967776584318
0.0161117078410312
0.292158968850698
0.346938775510204
0.0644468313641246
0.389903329752954
0.00966702470461869
0.0622986036519871
0.0193340494092374
0.0762620837808808
0.0397422126745435
0.0676691729323308
0.174006444683136
0.225563909774436
0.0107411385606874
0.0408163265306122
0.282491944146079
0.0204081632653061
0.0773361976369495
0.0805585392051558
0.348012889366273
0.041890440386681
0.0698174006444683
0.0451127819548872
0.00537056928034372
0.0322234156820623
0.00429645542427497
0.00537056928034372
0.00859291084854995
0.0118152524167562
0.00429645542427497
0.00859291084854995
0.0236305048335124
0.0193340494092374
0.00107411385606874
0.00322234156820623
0.0386680988184748
0.00214822771213749
0.0139634801288937
0.00537056928034372
0.0429645542427497
0.00644468313641246
0.0472610096670247
0.0622986036519871
0.0193340494092374
0.0547798066595059
0.00214822771213749
0.0107411385606874
0.00859291084854995
0.0247046186895811
0.00644468313641246
0.0118152524167562
0.0311493018259936
0.0290010741138561
0.00322234156820623
0.00644468313641246
0.0569280343716434
0.00429645542427497
0.0150375939849624
0.0107411385606874
0.0601503759398496
0.00322234156820623
0.0526315789473684
0.0472610096670247
0.0193340494092374
0.0171858216970999
0.0075187969924812
0.00322234156820623
0.0193340494092374
0.0386680988184748
0.0118152524167562
0.0150375939849624
0.037593984962406
0.0204081632653061
0.00429645542427497
0.0128893662728249
0.033297529538131
0.0075187969924812
0.0182599355531686
0.00966702470461869
0.041890440386681
0.0214822771213749
0.178302900107411
0.0773361976369495
0.0440386680988185
0.0655209452201933
0.0225563909774436
0.0311493018259936
0.0300751879699248
0.0816326530612245
0.0225563909774436
0.0408163265306122
0.0859291084854995
0.0612244897959184
0.00322234156820623
0.0300751879699248
0.0644468313641246
0.0247046186895811
0.0558539205155747
0.0365198711063373
0.0945220193340494
0.0354457572502685
0.0891514500537057
0.0397422126745435
0.0236305048335124
0.0343716433941998
0.00537056928034372
0.00966702470461869
0.0128893662728249
0.033297529538131
0.00966702470461869
0.0268528464017186
0.0365198711063373
0.0193340494092374
0.00322234156820623
0.0075187969924812
0.0386680988184748
0.00859291084854995
0.0214822771213749
0.0128893662728249
0.0504833512352309
0.00859291084854995
0.154672395273899
0.0870032223415682
0.0268528464017186
0.0741138560687433
0.00966702470461869
0.00859291084854995
0.0150375939849624
0.075187969924812
0.0182599355531686
0.0483351235230935
0.0655209452201933
0.046186895810956
0.00644468313641246
0.0193340494092374
0.105263157894737
0.0171858216970999
0.0322234156820623
0.033297529538131
0.0988184747583244
0.0214822771213749
0.302900107411386
0.194414607948443
0.0719656283566058
0.161117078410312
0.0247046186895811
0.0354457572502685
0.0354457572502685
0.109559613319012
0.0343716433941998
0.0762620837808808
0.118152524167562
0.116004296455424
0.00859291084854995
0.0257787325456498
0.185821697099893
0.0268528464017186
0.0580021482277121
0.0655209452201933
0.209452201933405
0.0408163265306122
0.244897959183673
0.197636949516649
0.0440386680988185
0.17937701396348
0.00644468313641246
0.0300751879699248
0.0193340494092374
0.0590762620837809
0.0257787325456498
0.0354457572502685
0.111707841031149
0.124597207303974
0.0107411385606874
0.0107411385606874
0.207303974221267
0.00859291084854995
0.0569280343716434
0.0601503759398496
0.238453276047261
0.0279269602577873
0.0150375939849624
0.0161117078410312
0.00214822771213749
0.00966702470461869
0.00214822771213749
0.00107411385606874
0.00322234156820623
0.00429645542427497
0.00107411385606874
0.00322234156820623
0.00966702470461869
0.00859291084854995
0
0.00107411385606874
0.0236305048335124
0.00107411385606874
0.00214822771213749
0.00429645542427497
0.0161117078410312
0.00322234156820623
0.0848549946294307
0.0397422126745435
0.0171858216970999
0.0225563909774436
0.00859291084854995
0.00644468313641246
0.00859291084854995
0.0161117078410312
0.0107411385606874
0.0204081632653061
0.0279269602577873
0.0150375939849624
0.00107411385606874
0.0107411385606874
0.0547798066595059
0.00322234156820623
0.0171858216970999
0.0118152524167562
0.0558539205155747
0.00966702470461869
0.554242749731472
0.40171858216971
0.118152524167562
0.399570354457572
0.0171858216970999
0.0569280343716434
0.0343716433941998
0.0730397422126745
0.033297529538131
0.0741138560687433
0.21374865735768
0.245972073039742
0.0204081632653061
0.041890440386681
0.41890440386681
0.033297529538131
0.117078410311493
0.0859291084854995
0.476906552094522
0.0494092373791622
0.0397422126745435
0.041890440386681
0.0171858216970999
0.0171858216970999
0.00107411385606874
0.00537056928034372
0.0107411385606874
0.0150375939849624
0.00966702470461869
0.0204081632653061
0.0290010741138561
0.0193340494092374
0.00214822771213749
0.00429645542427497
0.0279269602577873
0.00644468313641246
0.00644468313641246
0.00859291084854995
0.0268528464017186
0.00429645542427497
0.149301825993555
0.109559613319012
0.0322234156820623
0.0762620837808808
0.0139634801288937
0.0139634801288937
0.0247046186895811
0.0257787325456498
0.0182599355531686
0.0429645542427497
0.0569280343716434
0.0612244897959184
0.00214822771213749
0.0193340494092374
0.108485499462943
0.0118152524167562
0.0300751879699248
0.0193340494092374
0.135338345864662
0.0236305048335124
0.129967776584318
0.0870032223415682
0.033297529538131
0.0912996777658432
0.0128893662728249
0.0193340494092374
0.0161117078410312
0.0204081632653061
0.0247046186895811
0.0311493018259936
0.041890440386681
0.0504833512352309
0.00429645542427497
0.0182599355531686
0.0687432867883996
0.00537056928034372
0.0257787325456498
0.0150375939849624
0.075187969924812
0.0150375939849624
0.821697099892589
0.314715359828142
0.100966702470462
0.297529538131042
0.0354457572502685
0.0504833512352309
0.0300751879699248
0.0687432867883996
0.046186895810956
0.167561761546724
0.174006444683136
0.198711063372718
0.0214822771213749
0.0633727175080559
0.634801288936627
0.0472610096670247
0.0945220193340494
0.0633727175080559
1
0.0676691729323308
0.0816326530612245
0.0547798066595059
0.0236305048335124
0.0386680988184748
0.00644468313641246
0.0075187969924812
0.0107411385606874
0.0279269602577873
0.0128893662728249
0.0161117078410312
0.0386680988184748
0.0214822771213749
0.00214822771213749
0.0075187969924812
0.0515574650912997
0.00429645542427497
0.0268528464017186
0.0118152524167562
0.0762620837808808
0.0075187969924812
