0.649789029535865
0.459915611814346
0.136075949367089
0.373417721518987
0.0253164556962025
0.0675105485232067
0.069620253164557
0.182489451476793
0.0822784810126582
0.141350210970464
0.324894514767932
0.223628691983122
0.0221518987341772
0.0685654008438819
0.594936708860759
0.0443037974683544
0.162447257383966
0.143459915611814
0.690928270042194
0.0864978902953586
0.496835443037975
0.279535864978903
0.0917721518987342
0.229957805907173
0.029535864978903
0.0316455696202532
0.0358649789029536
0.102320675105485
0.060126582278481
0.0706751054852321
0.208860759493671
0.135021097046413
0.00632911392405063
0.0348101265822785
0.389240506329114
0.029535864978903
0.117088607594937
0.0791139240506329
0.455696202531646
0.0474683544303797
0.111814345991561
0.124472573839662
0.0337552742616034
0.0907172995780591
0.00527426160337553
0.020042194092827
0.0274261603375527
0.04957805907173
0.0242616033755274
0.029535864978903
0.069620253164557
0.0516877637130802
0.00527426160337553
0.0137130801687764
0.0833333333333333
0.0126582278481013
0.0485232067510548
0.029535864978903
0.121308016877637
0.0179324894514768
0.306962025316456
0.320675105485232
0.080168776371308
0.348101265822785
0.00949367088607595
0.0569620253164557
0.0232067510548523
0.0780590717299578
0.0453586497890295
0.0664556962025316
0.171940928270042
0.194092827004219
0.0147679324894515
0.0443037974683544
0.257383966244726
0.0179324894514768
0.0770042194092827
0.0812236286919831
0.342827004219409
0.0369198312236287
0.0632911392405063
0.0421940928270042
0.00949367088607595
0.029535864978903
0
0.00527426160337553
0.00949367088607595
0.0158227848101266
0.00632911392405063
0.0147679324894515
0.020042194092827
0.0221518987341772
0.00105485232067511
0.00738396624472574
0.0421940928270042
0.00632911392405063
0.0105485232067511
0.00316455696202532
0.0506329113924051
0.00632911392405063
0.0622362869198312
0.0632911392405063
0.0221518987341772
0.0537974683544304
0.00316455696202532
0.00949367088607595
0.00527426160337553
0.0242616033755274
0.00421940928270042
0.00843881856540084
0.0379746835443038
0.0337552742616034
0.00421940928270042
0.00632911392405063
0.0485232067510548
0.00210970464135021
0.0126582278481013
0.0105485232067511
0.0506329113924051
0.00527426160337553
0.0685654008438819
0.0506329113924051
0.0253164556962025
0.0179324894514768
0.00843881856540084
0.00632911392405063
0.0168776371308017
0.0305907172995781
0.0137130801687764
0.0126582278481013
0.029535864978903
0.0210970464135021
0.00316455696202532
0.0105485232067511
0.0348101265822785
0.00632911392405063
0.0168776371308017
0.0158227848101266
0.0464135021097046
0.0189873417721519
0.186708860759494
0.0822784810126582
0.040084388185654
0.0759493670886076
0.0147679324894515
0.0210970464135021
0.0316455696202532
0.100210970464135
0.029535864978903
0.0474683544303797
0.0748945147679325
0.0559071729957806
0.00843881856540084
0.0316455696202532
0.0738396624472574
0.0305907172995781
0.0611814345991561
0.0421940928270042
0.10126582278481
0.0369198312236287
0.102320675105485
0.0453586497890295
0.0242616033755274
0.029535864978903
0.00421940928270042
0.0137130801687764
0.0147679324894515
0.0316455696202532
0.00843881856540084
0.0284810126582278
0.0348101265822785
0.0232067510548523
0.00527426160337553
0.0116033755274262
0.0379746835443038
0.00527426160337553
0.0221518987341772
0.0158227848101266
0.0537974683544304
0.0105485232067511
0.14662447257384
0.0875527426160338
0.0348101265822785
0.069620253164557
0.0116033755274262
0.0116033755274262
0.0210970464135021
0.0654008438818565
0.0232067510548523
0.0443037974683544
0.0611814345991561
0.0453586497890295
0.00527426160337553
0.0179324894514768
0.0928270042194093
0.0168776371308017
0.029535864978903
0.0284810126582278
0.108649789029536
0.0232067510548523
0.309071729957806
0.195147679324895
0.0748945147679325
0.145569620253165
0.0210970464135021
0.0337552742616034
0.0411392405063291
0.118143459915612
0.0379746835443038
0.0748945147679325
0.139240506329114
0.089662447257384
0.00949367088607595
0.0316455696202532
0.19620253164557
0.0284810126582278
0.0632911392405063
0.0622362869198312
0.20253164556962
0.0369198312236287
0.203586497890295
0.205696202531646
0.0527426160337553
0.177215189873418
0.0126582278481013
0.0284810126582278
0.0147679324894515
0.0580168776371308
0.0232067510548523
0.0421940928270042
0.110759493670886
0.116033755274262
0.0126582278481013
0.00949367088607595
0.19831223628692
0.00949367088607595
0.0590717299578059
0.0527426160337553
0.238396624472574
0.0210970464135021
0.0179324894514768
0.0137130801687764
0.00527426160337553
0.0116033755274262
0.00210970464135021
0.00210970464135021
0.00105485232067511
0.00738396624472574
0.00105485232067511
0.00421940928270042
0.00949367088607595
0.0126582278481013
0
0.00105485232067511
0.0221518987341772
0.00105485232067511
0.00421940928270042
0.00527426160337553
0.0189873417721519
0.00527426160337553
0.0738396624472574
0.0443037974683544
0.020042194092827
0.0263713080168776
0.00738396624472574
0.00316455696202532
0.0116033755274262
0.0189873417721519
0.00843881856540084
0.0221518987341772
0.0411392405063291
0.0179324894514768
0.00210970464135021
0.00843881856540084
0.0464135021097046
0.00421940928270042
0.0168776371308017
0.0126582278481013
0.0580168776371308
0.0168776371308017
0.516877637130802
0.366033755274262
0.113924050632911
0.407172995780591
0.0284810126582278
0.0569620253164557
0.0305907172995781
0.0875527426160338
0.0369198312236287
0.080168776371308
0.214135021097046
0.253164556962025
0.0242616033755274
0.0411392405063291
0.418776371308017
0.0316455696202532
0.110759493670886
0.0770042194092827
0.467299578059072
0.0580168776371308
0.0453586497890295
0.0337552742616034
0.0179324894514768
0.020042194092827
0.00316455696202532
0.00527426160337553
0.00949367088607595
0.0168776371308017
0.0105485232067511
0.0242616033755274
0.0179324894514768
0.0232067510548523
0.00210970464135021
0.00527426160337553
0.0348101265822785
0.00316455696202532
0.00527426160337553
0.0105485232067511
0.0232067510548523
0.00738396624472574
0.158227848101266
0.102320675105485
0.0348101265822785
0.0675105485232067
0.0158227848101266
0.0210970464135021
0.0242616033755274
0.0274261603375527
0.0158227848101266
0.0358649789029536
0.0643459915611814
0.0537974683544304
0
0.0221518987341772
0.118143459915612
0.0116033755274262
0.0327004219409283
0.0221518987341772
0.126582278481013
0.0316455696202532
0.111814345991561
0.0938818565400844
0.0274261603375527
0.0864978902953586
0.0116033755274262
0.0210970464135021
0.0179324894514768
0.0327004219409283
0.020042194092827
0.0242616033755274
0.04957805907173
0.0559071729957806
0.00632911392405063
0.0168776371308017
0.0611814345991561
0.00632911392405063
0.0274261603375527
0.0168776371308017
0.0917721518987342
0.0105485232067511
0.856540084388186
0.289029535864979
0.104430379746835
0.277426160337553
0.0464135021097046
0.0453586497890295
0.0358649789029536
0.0706751054852321
0.060126582278481
0.15506329113924
0.187763713080169
0.19620253164557
0.0137130801687764
0.0664556962025316
0.626582278481013
0.0443037974683544
0.089662447257384
0.0717299578059072
1
0.0622362869198312
0.0833333333333333
0.0474683544303797
0.0253164556962025
0.0390295358649789
0.00949367088607595
0.00843881856540084
0.0126582278481013
0.029535864978903
0.0116033755274262
0.0189873417721519
0.0474683544303797
0.0253164556962025
0.00210970464135021
0.0116033755274262
0.0474683544303797
0.00843881856540084
0.0253164556962025
0.0137130801687764
0.0727848101265823
0.00738396624472574
