0.675203725261933
0.50058207217695
0.136204889406286
0.379511059371362
0.0337601862630966
0.0663562281722934
0.0745052386495925
0.179278230500582
0.0791618160651921
0.146682188591385
0.335273573923166
0.20256111757858
0.0139697322467986
0.0593713620488941
0.591385331781141
0.039580908032596
0.162980209545984
0.139697322467986
0.732246798603027
0.0861466821885914
0.545983701979045
0.275902211874272
0.0849825378346915
0.273573923166473
0.0244470314318976
0.039580908032596
0.0314318975552969
0.0966239813736903
0.0547147846332945
0.0942956926658906
0.210710128055879
0.126891734575087
0.0069848661233993
0.0325960419091967
0.365541327124563
0.0372526193247963
0.117578579743888
0.0768335273573923
0.447031431897555
0.0558789289871944
0.114086146682189
0.116414435389988
0.0349243306169965
0.0779976717112922
0.00582072176949942
0.0116414435389988
0.0256111757857974
0.0384167636786962
0.00931315483119907
0.0279394644935972
0.0651920838183935
0.0430733410942957
0.0069848661233993
0.00931315483119907
0.0942956926658906
0.0139697322467986
0.0430733410942957
0.0279394644935972
0.128055878928987
0.0139697322467986
0.291036088474971
0.349243306169965
0.0826542491268917
0.348079161816065
0.00814901047729918
0.0628637951105937
0.0186263096623981
0.0745052386495925
0.0454016298020955
0.0651920838183935
0.172293364377183
0.20256111757858
0.0128055878928987
0.0372526193247963
0.274738067520373
0.019790454016298
0.0919674039580908
0.0791618160651921
0.331781140861467
0.0442374854481956
0.0651920838183935
0.0430733410942957
0.00814901047729918
0.0430733410942957
0.0069848661233993
0.00232828870779977
0.00814901047729918
0.0128055878928987
0.00582072176949942
0.00931315483119907
0.0221187427240978
0.0151338766006985
0.00349243306169965
0.00232828870779977
0.0407450523864959
0.00232828870779977
0.0162980209545984
0.0069848661233993
0.0442374854481956
0.00349243306169965
0.0651920838183935
0.0593713620488941
0.0186263096623981
0.0547147846332945
0.00349243306169965
0.00814901047729918
0.00582072176949942
0.0232828870779977
0.0069848661233993
0.0069848661233993
0.0267753201396973
0.039580908032596
0.00232828870779977
0.00582072176949942
0.0465657741559953
0.00349243306169965
0.0162980209545984
0.0128055878928987
0.0582072176949942
0.00582072176949942
0.0465657741559953
0.0360884749708964
0.0221187427240978
0.0151338766006985
0.00814901047729918
0.00349243306169965
0.0162980209545984
0.0325960419091967
0.0116414435389988
0.0209545983701979
0.0419091967403958
0.0151338766006985
0.00465657741559953
0.00931315483119907
0.0337601862630966
0.0069848661233993
0.0069848661233993
0.010477299185099
0.0570430733410943
0.0232828870779977
0.186263096623981
0.080325960419092
0.0512223515715949
0.0640279394644936
0.0186263096623981
0.0267753201396973
0.0267753201396973
0.0826542491268917
0.0232828870779977
0.0454016298020955
0.0710128055878929
0.0570430733410943
0.00582072176949942
0.0314318975552969
0.0547147846332945
0.0267753201396973
0.0512223515715949
0.0477299185098952
0.089639115250291
0.0384167636786962
0.089639115250291
0.0430733410942957
0.0174621653084983
0.0256111757857974
0.00814901047729918
0.0139697322467986
0.010477299185099
0.0372526193247963
0.0069848661233993
0.0244470314318976
0.0314318975552969
0.019790454016298
0.00465657741559953
0.00931315483119907
0.0349243306169965
0.00465657741559953
0.019790454016298
0.00931315483119907
0.0454016298020955
0.0116414435389988
0.153667054714785
0.0861466821885914
0.0221187427240978
0.069848661233993
0.00931315483119907
0.0128055878928987
0.0186263096623981
0.0745052386495925
0.0128055878928987
0.0442374854481956
0.0616996507566938
0.0465657741559953
0.00465657741559953
0.0209545983701979
0.0989522700814901
0.019790454016298
0.0314318975552969
0.0360884749708964
0.109429569266589
0.0232828870779977
0.318975552968568
0.20139697322468
0.0663562281722934
0.165308498253783
0.0232828870779977
0.0384167636786962
0.0314318975552969
0.107101280558789
0.0337601862630966
0.069848661233993
0.125727590221187
0.124563445867288
0.0069848661233993
0.0232828870779977
0.183934807916182
0.0291036088474971
0.0558789289871944
0.0640279394644936
0.215366705471478
0.0430733410942957
0.221187427240978
0.190919674039581
0.0384167636786962
0.185098952270081
0.00465657741559953
0.0349243306169965
0.0186263096623981
0.0547147846332945
0.0279394644935972
0.0407450523864959
0.121071012805588
0.123399301513388
0.010477299185099
0.0116414435389988
0.20372526193248
0.00931315483119907
0.0477299185098952
0.0488940628637951
0.236321303841676
0.0291036088474971
0.0186263096623981
0.019790454016298
0.00116414435389988
0.010477299185099
0.00232828870779977
0.00116414435389988
0.00349243306169965
0.00465657741559953
0
0.00349243306169965
0.00814901047729918
0.0116414435389988
0.00116414435389988
0
0.019790454016298
0.00116414435389988
0.00465657741559953
0.00465657741559953
0.0151338766006985
0.00465657741559953
0.0849825378346915
0.0349243306169965
0.0139697322467986
0.0221187427240978
0.00931315483119907
0.00465657741559953
0.0069848661233993
0.0151338766006985
0.0069848661233993
0.0244470314318976
0.0279394644935972
0.0186263096623981
0.00116414435389988
0.0128055878928987
0.0523864959254948
0.00232828870779977
0.0186263096623981
0.010477299185099
0.0547147846332945
0.00814901047729918
0.542491268917346
0.370197904540163
0.108265424912689
0.392316647264261
0.019790454016298
0.0523864959254948
0.0291036088474971
0.0745052386495925
0.0325960419091967
0.0768335273573923
0.238649592549476
0.251455180442375
0.0232828870779977
0.0372526193247963
0.413271245634459
0.0325960419091967
0.118742724097788
0.0873108265424913
0.459837019790454
0.0442374854481956
0.0349243306169965
0.0349243306169965
0.0139697322467986
0.0221187427240978
0.00349243306169965
0.00814901047729918
0.0128055878928987
0.019790454016298
0.0116414435389988
0.0162980209545984
0.0314318975552969
0.0151338766006985
0.00116414435389988
0.0069848661233993
0.0267753201396973
0.0069848661233993
0.0069848661233993
0.010477299185099
0.0279394644935972
0.0069848661233993
0.158323632130384
0.118742724097788
0.0349243306169965
0.0721769499417928
0.00814901047729918
0.0151338766006985
0.019790454016298
0.0279394644935972
0.0232828870779977
0.0337601862630966
0.0547147846332945
0.0523864959254948
0.00116414435389988
0.0209545983701979
0.125727590221187
0.00931315483119907
0.0291036088474971
0.0221187427240978
0.133876600698487
0.030267753201397
0.118742724097788
0.0884749708963912
0.0349243306169965
0.0861466821885914
0.0116414435389988
0.0174621653084983
0.0174621653084983
0.0244470314318976
0.0162980209545984
0.0256111757857974
0.0384167636786962
0.0593713620488941
0.00349243306169965
0.0128055878928987
0.0721769499417928
0.00349243306169965
0.0325960419091967
0.0174621653084983
0.0768335273573923
0.0209545983701979
0.842840512223516
0.313154831199069
0.0931315483119907
0.274738067520373
0.039580908032596
0.0477299185098952
0.0337601862630966
0.0675203725261933
0.0454016298020955
0.159487776484284
0.20372526193248
0.215366705471478
0.0209545983701979
0.0756693830034924
0.633294528521537
0.0465657741559953
0.0942956926658906
0.0616996507566938
1
0.0582072176949942
0.0849825378346915
0.0523864959254948
0.0291036088474971
0.0372526193247963
0.0069848661233993
0.00465657741559953
0.0128055878928987
0.0325960419091967
0.0139697322467986
0.0209545983701979
0.0419091967403958
0.0209545983701979
0.00116414435389988
0.0116414435389988
0.0454016298020955
0.00349243306169965
0.0337601862630966
0.00931315483119907
0.0861466821885914
0.0151338766006985
