484
377
120
325
28
47
63
135
67
118
273
155
16
41
454
31
129
114
559
60
397
202
58
210
25
32
33
83
38
61
154
90
8
33
323
28
86
63
325
41
79
84
29
70
3
11
18
42
18
23
59
39
6
10
71
9
45
28
103
11
254
285
60
301
6
43
16
60
40
59
147
160
9
21
209
19
62
56
272
24
46
29
6
28
2
4
8
13
6
7
20
19
3
5
38
5
8
4
39
1
38
45
13
39
4
7
6
19
6
9
32
23
2
3
31
4
10
10
44
5
48
35
21
8
6
2
15
35
12
17
25
11
2
9
24
5
17
11
42
13
147
61
45
56
8
13
24
79
14
41
59
44
6
25
58
17
37
36
78
26
65
32
15
31
8
10
9
17
7
22
22
19
4
10
34
9
9
8
44
3
116
73
24
62
8
9
18
57
13
34
47
31
5
17
79
9
21
25
106
21
253
165
64
124
7
28
24
82
32
64
98
77
4
22
140
17
43
39
152
25
186
149
35
133
7
30
13
27
16
25
84
87
8
11
132
3
39
32
167
13
21
17
4
8
1
2
2
7
0
3
6
9
1
1
13
0
3
1
17
4
63
28
14
26
6
3
12
13
6
24
21
8
2
7
42
4
9
8
41
8
436
287
86
334
24
50
21
62
25
69
165
174
22
36
361
29
76
70
368
38
29
22
16
18
2
7
7
13
6
17
18
20
0
5
25
10
6
4
24
6
134
78
29
52
11
9
16
21
15
30
37
32
2
9
95
11
29
20
91
24
94
71
20
54
6
10
19
22
18
25
42
37
4
13
55
6
30
15
64
11
668
231
79
204
31
32
26
55
34
114
121
154
16
58
520
35
72
70
786
50
61
30
23
24
7
4
8
32
5
13
33
12
1
10
35
5
19
6
55
6
