0.665454545454545
0.503030303030303
0.151515151515152
0.381818181818182
0.0303030303030303
0.0654545454545455
0.0763636363636364
0.176969696969697
0.0812121212121212
0.140606060606061
0.326060606060606
0.213333333333333
0.0181818181818182
0.0545454545454545
0.535757575757576
0.0484848484848485
0.158787878787879
0.145454545454545
0.721212121212121
0.0812121212121212
0.507878787878788
0.28
0.0690909090909091
0.24969696969697
0.0278787878787879
0.0387878787878788
0.0509090909090909
0.101818181818182
0.056969696969697
0.0884848484848485
0.212121212121212
0.121212121212121
0.0109090909090909
0.0242424242424242
0.383030303030303
0.0339393939393939
0.115151515151515
0.0824242424242424
0.44
0.0484848484848485
0.124848484848485
0.130909090909091
0.0351515151515151
0.106666666666667
0.00727272727272727
0.0181818181818182
0.0303030303030303
0.0654545454545455
0.0206060606060606
0.0254545454545455
0.0678787878787879
0.0424242424242424
0.00606060606060606
0.0133333333333333
0.103030303030303
0.0109090909090909
0.0412121212121212
0.0351515151515151
0.140606060606061
0.0133333333333333
0.295757575757576
0.358787878787879
0.0921212121212121
0.353939393939394
0.0096969696969697
0.0557575757575758
0.0206060606060606
0.0739393939393939
0.0363636363636364
0.0618181818181818
0.181818181818182
0.204848484848485
0.016969696969697
0.0339393939393939
0.28969696969697
0.0193939393939394
0.0824242424242424
0.0642424242424242
0.366060606060606
0.0375757575757576
0.0642424242424242
0.0351515151515151
0.0109090909090909
0.0472727272727273
0.00727272727272727
0.00363636363636364
0.00606060606060606
0.0157575757575758
0.00848484848484849
0.00848484848484849
0.0193939393939394
0.0206060606060606
0.00121212121212121
0.00727272727272727
0.0424242424242424
0.00606060606060606
0.0121212121212121
0.00727272727272727
0.0436363636363636
0.00242424242424242
0.0715151515151515
0.0581818181818182
0.0242424242424242
0.0545454545454545
0.00121212121212121
0.0096969696969697
0.00727272727272727
0.0218181818181818
0.00848484848484849
0.0109090909090909
0.0327272727272727
0.0303030303030303
0.00363636363636364
0.00484848484848485
0.0484848484848485
0.00606060606060606
0.0181818181818182
0.0096969696969697
0.0533333333333333
0.00363636363636364
0.0545454545454545
0.0496969696969697
0.0290909090909091
0.0133333333333333
0.0121212121212121
0.00242424242424242
0.0157575757575758
0.0339393939393939
0.016969696969697
0.016969696969697
0.0254545454545455
0.0206060606060606
0.00363636363636364
0.0121212121212121
0.0351515151515151
0.00484848484848485
0.0218181818181818
0.0121212121212121
0.0484848484848485
0.016969696969697
0.183030303030303
0.0678787878787879
0.0593939393939394
0.0654545454545455
0.016969696969697
0.0242424242424242
0.0303030303030303
0.0993939393939394
0.0157575757575758
0.0484848484848485
0.0787878787878788
0.0557575757575758
0.00606060606060606
0.0278787878787879
0.0739393939393939
0.0218181818181818
0.0606060606060606
0.0460606060606061
0.130909090909091
0.04
0.0751515151515151
0.0412121212121212
0.0193939393939394
0.0363636363636364
0.00484848484848485
0.0109090909090909
0.00848484848484849
0.0351515151515151
0.00848484848484849
0.0206060606060606
0.0303030303030303
0.023030303030303
0.00363636363636364
0.0121212121212121
0.0375757575757576
0.00484848484848485
0.0193939393939394
0.00727272727272727
0.0424242424242424
0.00727272727272727
0.139393939393939
0.0860606060606061
0.0363636363636364
0.08
0.00727272727272727
0.0121212121212121
0.023030303030303
0.0678787878787879
0.0206060606060606
0.0460606060606061
0.056969696969697
0.0315151515151515
0.00606060606060606
0.016969696969697
0.0836363636363636
0.0133333333333333
0.0351515151515151
0.0242424242424242
0.118787878787879
0.0218181818181818
0.294545454545455
0.191515151515152
0.0727272727272727
0.155151515151515
0.0157575757575758
0.0327272727272727
0.0290909090909091
0.117575757575758
0.0242424242424242
0.0678787878787879
0.116363636363636
0.096969696969697
0.00727272727272727
0.0242424242424242
0.179393939393939
0.0327272727272727
0.0496969696969697
0.0533333333333333
0.23030303030303
0.0375757575757576
0.224242424242424
0.193939393939394
0.0509090909090909
0.195151515151515
0.0121212121212121
0.0290909090909091
0.016969696969697
0.0412121212121212
0.0193939393939394
0.0424242424242424
0.104242424242424
0.12
0.00484848484848485
0.0145454545454545
0.2
0.00727272727272727
0.0472727272727273
0.0460606060606061
0.210909090909091
0.0266666666666667
0.016969696969697
0.0181818181818182
0.00606060606060606
0.00848484848484849
0.00121212121212121
0.00242424242424242
0.00363636363636364
0.00727272727272727
0.00121212121212121
0.00363636363636364
0.00848484848484849
0.0109090909090909
0
0.00121212121212121
0.0218181818181818
0.00121212121212121
0.00242424242424242
0.00242424242424242
0.0133333333333333
0.00363636363636364
0.0703030303030303
0.0254545454545455
0.0193939393939394
0.0290909090909091
0.00606060606060606
0.00484848484848485
0.0109090909090909
0.0145454545454545
0.00606060606060606
0.0242424242424242
0.0278787878787879
0.0242424242424242
0.00242424242424242
0.0096969696969697
0.056969696969697
0.00363636363636364
0.0145454545454545
0.00727272727272727
0.0509090909090909
0.0121212121212121
0.524848484848485
0.340606060606061
0.118787878787879
0.415757575757576
0.0278787878787879
0.0642424242424242
0.0181818181818182
0.0824242424242424
0.0339393939393939
0.0763636363636364
0.221818181818182
0.259393939393939
0.0206060606060606
0.0448484848484848
0.36
0.0363636363636364
0.0896969696969697
0.0763636363636364
0.490909090909091
0.0581818181818182
0.0436363636363636
0.0303030303030303
0.016969696969697
0.0242424242424242
0.00363636363636364
0.00484848484848485
0.0096969696969697
0.0193939393939394
0.00606060606060606
0.0145454545454545
0.023030303030303
0.0266666666666667
0.00121212121212121
0.00606060606060606
0.0375757575757576
0.00848484848484849
0.00606060606060606
0.00606060606060606
0.0290909090909091
0.00484848484848485
0.147878787878788
0.117575757575758
0.0424242424242424
0.0581818181818182
0.0133333333333333
0.0206060606060606
0.023030303030303
0.0363636363636364
0.016969696969697
0.0412121212121212
0.0448484848484848
0.0424242424242424
0.00242424242424242
0.016969696969697
0.11030303030303
0.00484848484848485
0.0363636363636364
0.0290909090909091
0.130909090909091
0.023030303030303
0.117575757575758
0.0836363636363636
0.0375757575757576
0.0812121212121212
0.0109090909090909
0.016969696969697
0.0242424242424242
0.0266666666666667
0.016969696969697
0.0242424242424242
0.0448484848484848
0.0436363636363636
0.00484848484848485
0.0206060606060606
0.0666666666666667
0.00484848484848485
0.0266666666666667
0.0133333333333333
0.08
0.0145454545454545
0.894545454545455
0.299393939393939
0.127272727272727
0.27030303030303
0.0351515151515151
0.0581818181818182
0.0351515151515151
0.0812121212121212
0.0412121212121212
0.146666666666667
0.167272727272727
0.198787878787879
0.0157575757575758
0.0642424242424242
0.655757575757576
0.0460606060606061
0.0993939393939394
0.0860606060606061
1
0.0715151515151515
0.0848484848484849
0.0484848484848485
0.0242424242424242
0.0327272727272727
0.00848484848484849
0.00727272727272727
0.00606060606060606
0.0351515151515151
0.00848484848484849
0.0181818181818182
0.0412121212121212
0.0218181818181818
0.00121212121212121
0.0109090909090909
0.0484848484848485
0.00848484848484849
0.0278787878787879
0.0096969696969697
0.08
0.0109090909090909
