597
413
120
344
32
68
69
165
59
114
289
182
13
46
490
42
155
121
629
72
440
245
72
238
29
38
23
85
52
59
169
124
7
23
350
29
91
77
355
45
99
104
24
83
6
13
16
33
12
22
53
44
3
7
71
6
25
23
101
14
290
304
70
313
9
49
19
60
45
52
165
182
11
32
246
22
78
63
319
31
51
35
5
46
6
4
6
10
0
8
14
14
2
2
43
5
7
6
49
3
68
50
24
46
4
7
5
17
7
9
33
25
2
3
48
5
11
8
47
4
44
24
11
15
5
5
11
27
13
16
31
16
3
9
26
3
11
7
39
15
150
68
30
55
16
21
28
72
21
34
57
52
8
26
52
19
39
34
91
22
89
31
16
25
6
13
8
31
3
16
27
18
3
8
38
7
18
13
37
7
122
69
25
64
8
10
18
59
15
35
47
40
3
16
83
13
24
22
100
15
277
173
57
135
16
33
16
84
28
71
126
86
5
23
167
23
43
48
201
40
197
168
39
155
11
22
19
41
26
39
111
114
6
10
186
5
50
44
195
20
12
13
2
9
1
1
1
6
0
4
4
5
2
1
14
1
3
4
14
5
66
23
14
21
5
5
7
9
6
15
32
14
3
8
41
3
19
9
48
4
468
329
90
378
22
56
23
63
31
69
202
233
14
35
372
27
92
72
407
46
36
27
10
22
5
5
13
17
7
17
18
17
1
5
27
5
6
5
27
7
119
99
25
63
11
16
12
21
14
36
46
43
1
14
102
10
26
14
126
21
97
79
27
71
4
14
8
17
16
22
44
47
3
13
54
7
25
10
77
11
749
262
84
254
26
41
24
57
46
138
150
184
11
62
578
40
75
58
835
50
67
46
19
29
3
6
5
21
13
14
36
20
2
10
46
6
26
11
52
6
