0.62122905027933
0.462569832402235
0.135195530726257
0.372067039106145
0.0324022346368715
0.0625698324022346
0.0692737430167598
0.164245810055866
0.0681564245810056
0.121787709497207
0.329608938547486
0.226815642458101
0.0189944134078212
0.0592178770949721
0.582122905027933
0.0391061452513966
0.149720670391061
0.119553072625698
0.691620111731844
0.0782122905027933
0.487150837988827
0.273743016759777
0.0737430167597765
0.274860335195531
0.0279329608938547
0.0402234636871508
0.0379888268156425
0.115083798882682
0.0513966480446927
0.0837988826815642
0.184357541899441
0.124022346368715
0.0100558659217877
0.0335195530726257
0.383240223463687
0.0290502793296089
0.106145251396648
0.070391061452514
0.44804469273743
0.0502793296089385
0.101675977653631
0.115083798882682
0.0290502793296089
0.0927374301675978
0.00223463687150838
0.0145251396648045
0.0223463687150838
0.0458100558659218
0.0156424581005587
0.0279329608938547
0.0614525139664804
0.0536312849162011
0.00670391061452514
0.0100558659217877
0.088268156424581
0.0100558659217877
0.0435754189944134
0.0256983240223464
0.126256983240223
0.0156424581005587
0.316201117318436
0.372067039106145
0.0860335195530726
0.384357541899441
0.0111731843575419
0.0603351955307263
0.0189944134078212
0.0715083798882682
0.0435754189944134
0.0670391061452514
0.164245810055866
0.204469273743017
0.0134078212290503
0.0312849162011173
0.298324022346369
0.0279329608938547
0.0770949720670391
0.0804469273743017
0.355307262569832
0.0379888268156425
0.0558659217877095
0.0391061452513966
0.00893854748603352
0.0346368715083799
0.00670391061452514
0.00335195530726257
0.0100558659217877
0.0212290502793296
0.00782122905027933
0.0100558659217877
0.023463687150838
0.0189944134078212
0.00223463687150838
0.00782122905027933
0.0391061452513966
0.00335195530726257
0.0122905027932961
0.00335195530726257
0.0435754189944134
0.00335195530726257
0.0424581005586592
0.0581005586592179
0.0156424581005587
0.0558659217877095
0.00111731843575419
0.00893854748603352
0.00446927374301676
0.0189944134078212
0.0100558659217877
0.00782122905027933
0.0312849162011173
0.0357541899441341
0.00446927374301676
0.00558659217877095
0.0435754189944134
0.00446927374301676
0.0189944134078212
0.0111731843575419
0.0513966480446927
0.00446927374301676
0.0569832402234637
0.0368715083798883
0.0279329608938547
0.0156424581005587
0.00670391061452514
0
0.0201117318435754
0.0346368715083799
0.00893854748603352
0.0167597765363128
0.0368715083798883
0.0134078212290503
0.00223463687150838
0.00670391061452514
0.0223463687150838
0.00670391061452514
0.023463687150838
0.0156424581005587
0.0435754189944134
0.0212290502793296
0.174301675977654
0.0770949720670391
0.0536312849162011
0.0659217877094972
0.0145251396648045
0.0223463687150838
0.0290502793296089
0.0793296089385475
0.0223463687150838
0.041340782122905
0.0692737430167598
0.0547486033519553
0.00335195530726257
0.023463687150838
0.0726256983240224
0.0167597765363128
0.041340782122905
0.041340782122905
0.0849162011173184
0.0335195530726257
0.0726256983240224
0.0491620111731844
0.00893854748603352
0.0245810055865922
0.00670391061452514
0.0111731843575419
0.0134078212290503
0.0245810055865922
0.00782122905027933
0.0189944134078212
0.0256983240223464
0.0301675977653631
0.00446927374301676
0.0111731843575419
0.0335195530726257
0.00670391061452514
0.017877094972067
0.0100558659217877
0.0435754189944134
0.0134078212290503
0.13854748603352
0.0804469273743017
0.023463687150838
0.0815642458100559
0.0145251396648045
0.00893854748603352
0.0167597765363128
0.0625698324022346
0.0189944134078212
0.0424581005586592
0.0480446927374302
0.046927374301676
0.00111731843575419
0.0212290502793296
0.088268156424581
0.0111731843575419
0.0268156424581006
0.0279329608938547
0.105027932960894
0.0201117318435754
0.289385474860335
0.181005586592179
0.0670391061452514
0.149720670391061
0.0145251396648045
0.0346368715083799
0.0312849162011173
0.0804469273743017
0.0301675977653631
0.0804469273743017
0.118435754189944
0.10391061452514
0.00893854748603352
0.0290502793296089
0.187709497206704
0.0290502793296089
0.0480446927374302
0.0502793296089385
0.208938547486034
0.0346368715083799
0.224581005586592
0.204469273743017
0.0458100558659218
0.217877094972067
0.00893854748603352
0.0290502793296089
0.017877094972067
0.0502793296089385
0.0201117318435754
0.0402234636871508
0.112849162011173
0.128491620111732
0.00558659217877095
0.0111731843575419
0.196648044692737
0.00558659217877095
0.0592178770949721
0.0402234636871508
0.227932960893855
0.0245810055865922
0.017877094972067
0.0189944134078212
0.00558659217877095
0.00446927374301676
0.00111731843575419
0
0.00335195530726257
0.00335195530726257
0
0.00335195530726257
0.00558659217877095
0.0134078212290503
0.00223463687150838
0.00223463687150838
0.0189944134078212
0.00223463687150838
0.00446927374301676
0
0.0145251396648045
0.00223463687150838
0.0927374301675978
0.0301675977653631
0.0145251396648045
0.0301675977653631
0.0111731843575419
0.00670391061452514
0.0100558659217877
0.0134078212290503
0.00893854748603352
0.0189944134078212
0.023463687150838
0.0167597765363128
0.00223463687150838
0.0122905027932961
0.041340782122905
0.00335195530726257
0.017877094972067
0.0111731843575419
0.046927374301676
0.00893854748603352
0.520670391061453
0.362011173184358
0.106145251396648
0.429050279329609
0.0189944134078212
0.0525139664804469
0.0268156424581006
0.0759776536312849
0.0301675977653631
0.0715083798882682
0.215642458100559
0.273743016759777
0.0189944134078212
0.0424581005586592
0.408938547486034
0.0268156424581006
0.0983240223463687
0.0837988826815642
0.483798882681564
0.0547486033519553
0.0346368715083799
0.0357541899441341
0.0145251396648045
0.0189944134078212
0.00335195530726257
0.00782122905027933
0.00670391061452514
0.0201117318435754
0.00558659217877095
0.0134078212290503
0.023463687150838
0.0201117318435754
0.00111731843575419
0.00893854748603352
0.0335195530726257
0.00670391061452514
0.00446927374301676
0.00782122905027933
0.0245810055865922
0.00893854748603352
0.16536312849162
0.116201117318436
0.0368715083798883
0.0603351955307263
0.0167597765363128
0.0122905027932961
0.0223463687150838
0.0223463687150838
0.0156424581005587
0.0312849162011173
0.0491620111731844
0.0379888268156425
0.00335195530726257
0.0122905027932961
0.111731843575419
0.0122905027932961
0.0312849162011173
0.023463687150838
0.113966480446927
0.0245810055865922
0.108379888268156
0.0715083798882682
0.0312849162011173
0.0759776536312849
0.00558659217877095
0.0122905027932961
0.0256983240223464
0.0256983240223464
0.0189944134078212
0.0245810055865922
0.0480446927374302
0.046927374301676
0.00111731843575419
0.0156424581005587
0.0625698324022346
0.00558659217877095
0.0290502793296089
0.0145251396648045
0.0726256983240224
0.0156424581005587
0.812290502793296
0.279329608938547
0.107262569832402
0.29608938547486
0.0379888268156425
0.0435754189944134
0.023463687150838
0.0670391061452514
0.0391061452513966
0.146368715083799
0.175418994413408
0.205586592178771
0.0134078212290503
0.064804469273743
0.646927374301676
0.0502793296089385
0.0960893854748603
0.0670391061452514
1
0.0715083798882682
0.0960893854748603
0.0581005586592179
0.0245810055865922
0.041340782122905
0.0111731843575419
0.00670391061452514
0.00670391061452514
0.0256983240223464
0.0111731843575419
0.017877094972067
0.0346368715083799
0.017877094972067
0
0.0134078212290503
0.046927374301676
0.00446927374301676
0.017877094972067
0.0111731843575419
0.0770949720670391
0.0100558659217877
