0.627403846153846
0.491586538461538
0.135817307692308
0.379807692307692
0.0228365384615385
0.0721153846153846
0.0793269230769231
0.185096153846154
0.078125
0.137019230769231
0.342548076923077
0.224759615384615
0.0204326923076923
0.0564903846153846
0.549278846153846
0.0420673076923077
0.165865384615385
0.144230769230769
0.727163461538462
0.0817307692307692
0.521634615384615
0.278846153846154
0.0853365384615385
0.248798076923077
0.0216346153846154
0.0372596153846154
0.0372596153846154
0.104567307692308
0.0504807692307692
0.0829326923076923
0.191105769230769
0.115384615384615
0.0120192307692308
0.0432692307692308
0.400240384615385
0.03125
0.128605769230769
0.0805288461538462
0.453125
0.0516826923076923
0.112980769230769
0.102163461538462
0.03125
0.0889423076923077
0.00120192307692308
0.0120192307692308
0.0240384615384615
0.0372596153846154
0.0144230769230769
0.0204326923076923
0.0709134615384615
0.0492788461538462
0.00600961538461538
0.0120192307692308
0.0913461538461538
0.0108173076923077
0.0456730769230769
0.0408653846153846
0.139423076923077
0.0216346153846154
0.28125
0.319711538461538
0.0805288461538462
0.349759615384615
0.00600961538461538
0.0516826923076923
0.0204326923076923
0.0697115384615385
0.0432692307692308
0.0661057692307692
0.173076923076923
0.205528846153846
0.00961538461538462
0.0360576923076923
0.290865384615385
0.0204326923076923
0.0913461538461538
0.0697115384615385
0.354567307692308
0.0408653846153846
0.0492788461538462
0.03125
0.00600961538461538
0.0384615384615385
0.00480769230769231
0.00600961538461538
0.00600961538461538
0.0180288461538462
0.00480769230769231
0.00721153846153846
0.0216346153846154
0.0168269230769231
0.00240384615384615
0.00360576923076923
0.0444711538461538
0.00480769230769231
0.0132211538461538
0.00600961538461538
0.0480769230769231
0.00120192307692308
0.0612980769230769
0.0637019230769231
0.0192307692307692
0.0384615384615385
0.00480769230769231
0.0108173076923077
0.00961538461538462
0.0216346153846154
0.00841346153846154
0.015625
0.0408653846153846
0.0300480769230769
0.00120192307692308
0.00600961538461538
0.0444711538461538
0.00480769230769231
0.0120192307692308
0.0132211538461538
0.0492788461538462
0.00480769230769231
0.0504807692307692
0.0408653846153846
0.0204326923076923
0.0144230769230769
0.00721153846153846
0.00120192307692308
0.0108173076923077
0.0432692307692308
0.00841346153846154
0.0204326923076923
0.0360576923076923
0.0180288461538462
0.00240384615384615
0.00600961538461538
0.0288461538461538
0.00721153846153846
0.0144230769230769
0.00841346153846154
0.0540865384615385
0.0180288461538462
0.175480769230769
0.0757211538461538
0.0492788461538462
0.0697115384615385
0.0168269230769231
0.0240384615384615
0.0252403846153846
0.078125
0.0216346153846154
0.0396634615384615
0.0793269230769231
0.0625
0.00721153846153846
0.0252403846153846
0.0709134615384615
0.0228365384615385
0.0456730769230769
0.0372596153846154
0.0973557692307692
0.0348557692307692
0.0817307692307692
0.0408653846153846
0.0168269230769231
0.03125
0.00721153846153846
0.0132211538461538
0.00961538461538462
0.0300480769230769
0.00961538461538462
0.0180288461538462
0.0372596153846154
0.0216346153846154
0.00480769230769231
0.0120192307692308
0.0348557692307692
0.0108173076923077
0.0180288461538462
0.0120192307692308
0.0444711538461538
0.00600961538461538
0.152644230769231
0.0925480769230769
0.0264423076923077
0.078125
0.0108173076923077
0.00721153846153846
0.0132211538461538
0.0552884615384615
0.0204326923076923
0.0540865384615385
0.0588942307692308
0.03125
0.00600961538461538
0.0180288461538462
0.0925480769230769
0.0168269230769231
0.0348557692307692
0.03125
0.115384615384615
0.0216346153846154
0.318509615384615
0.221153846153846
0.0721153846153846
0.144230769230769
0.0168269230769231
0.0372596153846154
0.0300480769230769
0.106971153846154
0.0348557692307692
0.0697115384615385
0.126201923076923
0.112980769230769
0.00480769230769231
0.0288461538461538
0.177884615384615
0.0240384615384615
0.0637019230769231
0.0528846153846154
0.216346153846154
0.0300480769230769
0.217548076923077
0.213942307692308
0.046875
0.149038461538462
0.00721153846153846
0.0324519230769231
0.0144230769230769
0.0564903846153846
0.0264423076923077
0.0384615384615385
0.116586538461538
0.122596153846154
0.00961538461538462
0.0228365384615385
0.189903846153846
0.00961538461538462
0.0576923076923077
0.0516826923076923
0.223557692307692
0.0288461538461538
0.0204326923076923
0.0192307692307692
0.00360576923076923
0.00841346153846154
0.00120192307692308
0.00240384615384615
0.00120192307692308
0.00841346153846154
0
0.00360576923076923
0.00841346153846154
0.0120192307692308
0.00120192307692308
0.00120192307692308
0.0192307692307692
0.00120192307692308
0.00240384615384615
0.00120192307692308
0.0240384615384615
0.00480769230769231
0.0829326923076923
0.0384615384615385
0.015625
0.0276442307692308
0.00600961538461538
0.00721153846153846
0.0108173076923077
0.0180288461538462
0.00600961538461538
0.0204326923076923
0.0240384615384615
0.015625
0.00240384615384615
0.0132211538461538
0.0540865384615385
0.00120192307692308
0.0204326923076923
0.00961538461538462
0.0552884615384615
0.0120192307692308
0.557692307692308
0.362980769230769
0.117788461538462
0.424278846153846
0.0228365384615385
0.0552884615384615
0.0336538461538462
0.0625
0.0300480769230769
0.0817307692307692
0.216346153846154
0.256009615384615
0.0228365384615385
0.0360576923076923
0.425480769230769
0.0336538461538462
0.0925480769230769
0.0841346153846154
0.454326923076923
0.0552884615384615
0.03125
0.0348557692307692
0.0132211538461538
0.0276442307692308
0.00360576923076923
0.00841346153846154
0.00600961538461538
0.0192307692307692
0.00961538461538462
0.0216346153846154
0.0300480769230769
0.0204326923076923
0.00240384615384615
0.00480769230769231
0.0288461538461538
0.00721153846153846
0.00961538461538462
0.00600961538461538
0.0252403846153846
0.00961538461538462
0.171875
0.110576923076923
0.0336538461538462
0.0697115384615385
0.0144230769230769
0.0192307692307692
0.0228365384615385
0.0276442307692308
0.0180288461538462
0.0324519230769231
0.0612980769230769
0.0456730769230769
0.00360576923076923
0.00841346153846154
0.122596153846154
0.0132211538461538
0.0324519230769231
0.0192307692307692
0.152644230769231
0.0276442307692308
0.110576923076923
0.0817307692307692
0.0300480769230769
0.0769230769230769
0.00600961538461538
0.0168269230769231
0.015625
0.0204326923076923
0.0204326923076923
0.0240384615384615
0.0432692307692308
0.0588942307692308
0.00721153846153846
0.0192307692307692
0.0721153846153846
0.00961538461538462
0.0360576923076923
0.0120192307692308
0.0805288461538462
0.00961538461538462
0.870192307692308
0.322115384615385
0.102163461538462
0.288461538461538
0.0360576923076923
0.0396634615384615
0.0324519230769231
0.0612980769230769
0.046875
0.164663461538462
0.183894230769231
0.194711538461538
0.0192307692307692
0.078125
0.644230769230769
0.0432692307692308
0.110576923076923
0.0661057692307692
1
0.0576923076923077
0.09375
0.046875
0.0300480769230769
0.0324519230769231
0.00721153846153846
0.00841346153846154
0.00841346153846154
0.0348557692307692
0.00841346153846154
0.0216346153846154
0.0300480769230769
0.0240384615384615
0.00120192307692308
0.00961538461538462
0.0516826923076923
0.00480769230769231
0.0180288461538462
0.00961538461538462
0.0757211538461538
0.00841346153846154
