0.665105386416862
0.510538641686183
0.141686182669789
0.399297423887588
0.0234192037470726
0.0749414519906323
0.085480093676815
0.197892271662763
0.0725995316159251
0.146370023419204
0.35480093676815
0.224824355971897
0.0163934426229508
0.0679156908665105
0.60655737704918
0.0444964871194379
0.177985948477752
0.137002341920375
0.7096018735363
0.0901639344262295
0.529274004683841
0.27751756440281
0.0784543325526932
0.270491803278689
0.0292740046838408
0.0456674473067916
0.0468384074941452
0.112412177985948
0.0550351288056206
0.0983606557377049
0.19672131147541
0.122950819672131
0.00819672131147541
0.0362997658079625
0.398126463700234
0.0339578454332553
0.111241217798595
0.0878220140515222
0.444964871194379
0.0515222482435597
0.10655737704918
0.118266978922717
0.0327868852459016
0.0925058548009368
0.00468384074941452
0.0187353629976581
0.0327868852459016
0.0573770491803279
0.0210772833723653
0.0245901639344262
0.063231850117096
0.063231850117096
0.00468384074941452
0.0128805620608899
0.0866510538641686
0.0128805620608899
0.0351288056206089
0.0257611241217799
0.124121779859485
0.0163934426229508
0.319672131147541
0.359484777517564
0.0878220140515222
0.338407494145199
0.00819672131147541
0.0515222482435597
0.0199063231850117
0.0889929742388759
0.0503512880562061
0.0679156908665105
0.163934426229508
0.207259953161593
0.0140515222482436
0.0327868852459016
0.286885245901639
0.0269320843091335
0.085480093676815
0.0737704918032787
0.368852459016393
0.0386416861826698
0.0679156908665105
0.0362997658079625
0.00702576112412178
0.0398126463700234
0.00819672131147541
0.00702576112412178
0.00936768149882904
0.0210772833723653
0.00936768149882904
0.00936768149882904
0.0187353629976581
0.0175644028103044
0.00351288056206089
0.00468384074941452
0.0444964871194379
0.00468384074941452
0.0128805620608899
0.00585480093676815
0.0503512880562061
0.00468384074941452
0.0573770491803279
0.0585480093676815
0.0187353629976581
0.0433255269320843
0.00117096018735363
0.00585480093676815
0.00702576112412178
0.0304449648711944
0.00819672131147541
0.0117096018735363
0.0456674473067916
0.0351288056206089
0.00234192037470726
0.00468384074941452
0.0573770491803279
0.00351288056206089
0.0175644028103044
0.0117096018735363
0.0597189695550351
0.00702576112412178
0.0679156908665105
0.0526932084309134
0.0281030444964871
0.0199063231850117
0.00702576112412178
0.00351288056206089
0.0163934426229508
0.0433255269320843
0.0163934426229508
0.0175644028103044
0.0362997658079625
0.0245901639344262
0.00234192037470726
0.0128805620608899
0.0304449648711944
0.00819672131147541
0.0210772833723653
0.0175644028103044
0.0491803278688525
0.022248243559719
0.192037470725995
0.0807962529274005
0.0503512880562061
0.0784543325526932
0.0281030444964871
0.0304449648711944
0.0433255269320843
0.100702576112412
0.0304449648711944
0.0480093676814988
0.0889929742388759
0.0655737704918033
0.00351288056206089
0.0281030444964871
0.0831381733021077
0.0292740046838408
0.0573770491803279
0.0421545667447307
0.120608899297424
0.0339578454332553
0.0913348946135831
0.0491803278688525
0.0152224824355972
0.0386416861826698
0.0105386416861827
0.0140515222482436
0.00936768149882904
0.0351288056206089
0.00936768149882904
0.0269320843091335
0.0351288056206089
0.0210772833723653
0.00585480093676815
0.00819672131147541
0.0281030444964871
0.0117096018735363
0.0245901639344262
0.0128805620608899
0.0444964871194379
0.0105386416861827
0.179156908665105
0.0772833723653396
0.0351288056206089
0.0749414519906323
0.0128805620608899
0.0105386416861827
0.0187353629976581
0.0761124121779859
0.0210772833723653
0.0433255269320843
0.0597189695550351
0.0468384074941452
0.00585480093676815
0.0210772833723653
0.0925058548009368
0.0175644028103044
0.0327868852459016
0.0351288056206089
0.10655737704918
0.0269320843091335
0.338407494145199
0.195550351288056
0.0761124121779859
0.134660421545667
0.0199063231850117
0.0339578454332553
0.0444964871194379
0.10655737704918
0.0327868852459016
0.085480093676815
0.142857142857143
0.094847775175644
0.00702576112412178
0.0292740046838408
0.202576112412178
0.0339578454332553
0.0573770491803279
0.0655737704918033
0.213114754098361
0.0421545667447307
0.215456674473068
0.213114754098361
0.0503512880562061
0.188524590163934
0.0128805620608899
0.022248243559719
0.0199063231850117
0.0620608899297424
0.0234192037470726
0.0515222482435597
0.127634660421546
0.137002341920375
0.00936768149882904
0.0128805620608899
0.199063231850117
0.00819672131147541
0.0597189695550351
0.053864168618267
0.252927400468384
0.0234192037470726
0.0199063231850117
0.0175644028103044
0.00468384074941452
0.00468384074941452
0
0.00234192037470726
0.00234192037470726
0.00351288056206089
0.00117096018735363
0.00351288056206089
0.00936768149882904
0.0128805620608899
0.00234192037470726
0.00234192037470726
0.0210772833723653
0.00234192037470726
0.00468384074941452
0.00234192037470726
0.0175644028103044
0.00234192037470726
0.0878220140515222
0.031615925058548
0.0163934426229508
0.0292740046838408
0.00819672131147541
0.00468384074941452
0.0105386416861827
0.0175644028103044
0.0128805620608899
0.0152224824355972
0.0304449648711944
0.022248243559719
0.00351288056206089
0.0128805620608899
0.053864168618267
0.00234192037470726
0.0210772833723653
0.0117096018735363
0.0444964871194379
0.0128805620608899
0.548009367681499
0.348946135831382
0.117096018735363
0.444964871194379
0.0234192037470726
0.0620608899297424
0.0292740046838408
0.0843091334894614
0.0362997658079625
0.0796252927400468
0.221311475409836
0.284543325526932
0.0210772833723653
0.040983606557377
0.429742388758782
0.0245901639344262
0.107728337236534
0.0819672131147541
0.483606557377049
0.0526932084309134
0.040983606557377
0.0374707259953162
0.0152224824355972
0.0210772833723653
0.00468384074941452
0.00819672131147541
0.0140515222482436
0.0234192037470726
0.00702576112412178
0.0199063231850117
0.0257611241217799
0.0234192037470726
0.00234192037470726
0.00819672131147541
0.0398126463700234
0.00585480093676815
0.00819672131147541
0.00702576112412178
0.0257611241217799
0.00702576112412178
0.154566744730679
0.120608899297424
0.0398126463700234
0.0761124121779859
0.0199063231850117
0.0199063231850117
0.0257611241217799
0.0339578454332553
0.0117096018735363
0.0398126463700234
0.0737704918032787
0.0386416861826698
0.00351288056206089
0.0163934426229508
0.122950819672131
0.0117096018735363
0.0468384074941452
0.0245901639344262
0.137002341920375
0.0304449648711944
0.107728337236534
0.0913348946135831
0.0327868852459016
0.0725995316159251
0.0140515222482436
0.0199063231850117
0.0199063231850117
0.0245901639344262
0.0187353629976581
0.0245901639344262
0.0503512880562061
0.0620608899297424
0.00468384074941452
0.0199063231850117
0.0702576112412178
0.00702576112412178
0.0339578454332553
0.0152224824355972
0.094847775175644
0.0175644028103044
0.888758782201405
0.320843091334895
0.0936768149882904
0.286885245901639
0.0327868852459016
0.0444964871194379
0.031615925058548
0.0843091334894614
0.0515222482435597
0.162763466042155
0.176814988290398
0.213114754098361
0.0163934426229508
0.0620608899297424
0.633489461358314
0.0491803278688525
0.110070257611241
0.0796252927400468
1
0.0644028103044497
0.0889929742388759
0.0526932084309134
0.0199063231850117
0.040983606557377
0.00702576112412178
0.00936768149882904
0.0105386416861827
0.031615925058548
0.0128805620608899
0.0199063231850117
0.0362997658079625
0.0292740046838408
0
0.0152224824355972
0.0444964871194379
0.00702576112412178
0.031615925058548
0.0152224824355972
0.0807962529274005
0.0105386416861827
