509
396
111
285
19
62
71
138
55
108
283
186
12
54
471
34
134
123
566
63
422
223
76
219
23
34
29
80
44
66
160
107
4
25
332
27
93
71
357
44
79
102
25
68
4
8
14
38
14
19
51
50
3
15
79
8
41
22
93
15
247
265
67
306
7
54
11
62
34
46
127
168
7
27
232
17
78
66
292
34
53
34
4
25
4
5
4
11
3
12
18
21
1
5
36
1
10
4
42
4
46
41
13
45
2
6
5
21
10
11
31
26
2
4
41
4
14
12
56
4
49
34
16
13
5
2
17
24
11
16
22
20
3
7
26
1
22
10
42
17
143
64
26
49
13
22
21
64
15
32
57
48
2
24
55
11
36
30
66
23
67
34
11
31
4
10
15
15
3
20
28
16
4
7
23
4
17
12
41
7
114
62
27
60
8
6
16
61
16
38
45
36
4
20
85
15
21
25
87
22
247
152
54
124
21
30
26
76
27
56
97
85
5
28
151
16
40
54
179
34
190
158
40
136
8
24
14
46
18
35
105
97
6
12
181
7
48
39
184
20
9
11
2
8
0
1
1
3
0
2
5
7
1
1
14
0
4
5
12
3
76
29
15
24
5
6
13
14
7
19
24
12
1
8
39
4
17
8
37
9
414
324
103
344
23
49
26
52
30
63
170
209
17
32
351
21
96
80
417
43
31
28
14
13
1
7
7
8
6
17
17
15
1
3
22
3
8
4
25
7
137
90
27
61
13
15
20
17
11
31
51
41
2
19
105
15
41
14
117
27
97
83
29
72
10
11
17
10
14
28
42
41
2
15
58
7
29
9
78
7
696
265
77
239
32
39
24
45
42
132
138
169
12
50
535
40
89
65
817
47
76
50
16
32
4
6
6
17
9
19
32
16
1
11
37
2
20
9
65
4
