525
402
137
326
27
70
70
160
61
109
278
175
17
51
504
41
138
114
605
69
426
245
66
216
22
26
36
95
50
72
153
115
9
30
331
28
109
72
367
45
96
97
31
87
4
17
21
49
19
21
61
40
5
7
79
10
32
28
104
17
253
297
67
296
7
49
21
55
32
58
156
165
10
33
222
21
74
68
300
34
51
30
6
31
6
2
9
17
8
9
16
17
1
5
41
5
15
6
43
3
49
52
21
47
3
5
5
22
11
12
31
26
4
3
48
4
12
7
46
6
54
39
23
14
6
3
16
33
13
13
37
18
2
13
26
3
11
14
38
17
161
64
41
58
21
25
27
71
22
39
79
55
5
27
59
21
52
35
99
33
84
40
17
28
4
10
8
34
6
18
29
24
5
12
27
5
17
12
41
7
149
66
26
54
5
9
17
62
18
31
54
44
4
15
82
16
27
22
95
18
260
180
54
123
15
24
29
86
32
80
119
85
5
23
167
31
48
53
189
38
174
163
45
156
10
26
16
53
20
39
98
111
8
14
173
7
53
50
188
20
15
13
2
9
1
2
2
5
1
3
7
8
2
2
18
1
4
1
15
6
69
32
18
19
7
7
10
13
9
19
28
21
2
8
45
2
15
11
45
12
469
306
99
360
23
54
22
68
26
72
208
221
13
37
356
21
97
68
384
53
31
26
16
15
3
6
11
19
8
19
19
17
2
8
30
3
5
6
25
6
141
105
28
54
19
12
18
27
19
34
50
43
3
18
105
8
39
22
116
27
108
67
22
64
7
17
15
29
22
23
46
39
4
17
65
4
29
16
70
15
714
258
89
229
32
43
29
67
36
132
140
180
15
59
545
36
87
64
841
56
70
42
23
39
8
9
11
29
15
13
35
23
1
10
41
9
29
13
62
6
