0.658944658944659
0.500643500643501
0.142857142857143
0.369369369369369
0.0283140283140283
0.0785070785070785
0.0694980694980695
0.185328185328185
0.0900900900900901
0.136422136422136
0.305019305019305
0.207207207207207
0.0128700128700129
0.0566280566280566
0.575289575289575
0.0386100386100386
0.168597168597169
0.137709137709138
0.687258687258687
0.0823680823680824
0.517374517374517
0.252252252252252
0.0785070785070785
0.235521235521236
0.0231660231660232
0.0424710424710425
0.0321750321750322
0.0836550836550837
0.0514800514800515
0.0836550836550837
0.194337194337194
0.113256113256113
0.00643500643500643
0.0347490347490347
0.409266409266409
0.0347490347490347
0.113256113256113
0.0682110682110682
0.438867438867439
0.0527670527670528
0.0978120978120978
0.11969111969112
0.0283140283140283
0.093951093951094
0.00643500643500643
0.0128700128700129
0.0244530244530245
0.0527670527670528
0.0167310167310167
0.018018018018018
0.0643500643500644
0.0566280566280566
0.00900900900900901
0.0128700128700129
0.1003861003861
0.00772200772200772
0.0489060489060489
0.036036036036036
0.123552123552124
0.0167310167310167
0.305019305019305
0.362934362934363
0.0810810810810811
0.357786357786358
0.00643500643500643
0.0682110682110682
0.0154440154440154
0.0707850707850708
0.0398970398970399
0.0682110682110682
0.172458172458172
0.189189189189189
0.0102960102960103
0.027027027027027
0.275418275418275
0.0244530244530245
0.0682110682110682
0.0592020592020592
0.35006435006435
0.0424710424710425
0.0643500643500644
0.0321750321750322
0.00386100386100386
0.0501930501930502
0.00643500643500643
0.00257400257400257
0.00386100386100386
0.0218790218790219
0.00772200772200772
0.00900900900900901
0.018018018018018
0.0218790218790219
0
0.00257400257400257
0.045045045045045
0.00514800514800515
0.0102960102960103
0.00900900900900901
0.0527670527670528
0.00386100386100386
0.0694980694980695
0.0540540540540541
0.0154440154440154
0.0566280566280566
0.00514800514800515
0.00900900900900901
0.00643500643500643
0.0231660231660232
0.00900900900900901
0.0115830115830116
0.036036036036036
0.0334620334620335
0.00257400257400257
0.00257400257400257
0.0424710424710425
0.00514800514800515
0.0193050193050193
0.0128700128700129
0.0604890604890605
0.00514800514800515
0.0630630630630631
0.0501930501930502
0.0205920205920206
0.0193050193050193
0.00514800514800515
0.00257400257400257
0.0128700128700129
0.0334620334620335
0.0115830115830116
0.0128700128700129
0.0244530244530245
0.0141570141570142
0.00257400257400257
0.0154440154440154
0.0283140283140283
0.00514800514800515
0.0141570141570142
0.00900900900900901
0.0489060489060489
0.0128700128700129
0.168597168597169
0.0656370656370656
0.0476190476190476
0.0682110682110682
0.0115830115830116
0.0218790218790219
0.0308880308880309
0.0759330759330759
0.018018018018018
0.0437580437580438
0.0694980694980695
0.0501930501930502
0.00772200772200772
0.0296010296010296
0.0797940797940798
0.0283140283140283
0.0540540540540541
0.0398970398970399
0.0952380952380952
0.036036036036036
0.0862290862290862
0.0373230373230373
0.018018018018018
0.0334620334620335
0.00643500643500643
0.0141570141570142
0.0141570141570142
0.0334620334620335
0.00257400257400257
0.0193050193050193
0.0321750321750322
0.0193050193050193
0.00514800514800515
0.00900900900900901
0.0424710424710425
0.00643500643500643
0.018018018018018
0.0102960102960103
0.0501930501930502
0.00900900900900901
0.144144144144144
0.0785070785070785
0.036036036036036
0.0707850707850708
0.0115830115830116
0.0102960102960103
0.0154440154440154
0.0707850707850708
0.0167310167310167
0.0347490347490347
0.0501930501930502
0.0386100386100386
0.00514800514800515
0.0154440154440154
0.0913770913770914
0.0102960102960103
0.0257400257400257
0.0334620334620335
0.120978120978121
0.0205920205920206
0.306306306306306
0.167310167310167
0.0656370656370656
0.146718146718147
0.0167310167310167
0.0386100386100386
0.0334620334620335
0.093951093951094
0.0334620334620335
0.0682110682110682
0.120978120978121
0.105534105534106
0.00643500643500643
0.0257400257400257
0.185328185328185
0.0154440154440154
0.0437580437580438
0.0566280566280566
0.191763191763192
0.0347490347490347
0.213642213642214
0.187902187902188
0.0514800514800515
0.172458172458172
0.0102960102960103
0.0205920205920206
0.0154440154440154
0.036036036036036
0.0231660231660232
0.0386100386100386
0.0965250965250965
0.104247104247104
0.00643500643500643
0.0154440154440154
0.202059202059202
0.00900900900900901
0.0553410553410553
0.0553410553410553
0.217503217503217
0.018018018018018
0.0205920205920206
0.0115830115830116
0.00386100386100386
0.0102960102960103
0.00128700128700129
0
0.00257400257400257
0.00514800514800515
0
0.00514800514800515
0.00772200772200772
0.0102960102960103
0
0
0.0128700128700129
0.00257400257400257
0.00514800514800515
0.00386100386100386
0.0128700128700129
0.00386100386100386
0.0823680823680824
0.0334620334620335
0.0154440154440154
0.0296010296010296
0.00514800514800515
0.00257400257400257
0.00900900900900901
0.0154440154440154
0.00772200772200772
0.027027027027027
0.0244530244530245
0.0141570141570142
0.00128700128700129
0.00514800514800515
0.0476190476190476
0.00257400257400257
0.018018018018018
0.00900900900900901
0.0501930501930502
0.0115830115830116
0.539253539253539
0.351351351351351
0.122265122265122
0.388674388674389
0.0347490347490347
0.0682110682110682
0.027027027027027
0.0694980694980695
0.0334620334620335
0.0875160875160875
0.214929214929215
0.267696267696268
0.0231660231660232
0.0476190476190476
0.41956241956242
0.0257400257400257
0.104247104247104
0.0913770913770914
0.49034749034749
0.045045045045045
0.0386100386100386
0.0296010296010296
0.0193050193050193
0.0218790218790219
0.00386100386100386
0.00386100386100386
0.00900900900900901
0.0167310167310167
0.00900900900900901
0.0193050193050193
0.0244530244530245
0.0141570141570142
0
0.00514800514800515
0.0231660231660232
0.00514800514800515
0.00643500643500643
0.0102960102960103
0.0218790218790219
0.00386100386100386
0.148005148005148
0.108108108108108
0.0386100386100386
0.0759330759330759
0.0218790218790219
0.018018018018018
0.0218790218790219
0.0334620334620335
0.0154440154440154
0.0334620334620335
0.0476190476190476
0.0398970398970399
0.00514800514800515
0.0167310167310167
0.111969111969112
0.0141570141570142
0.0373230373230373
0.0231660231660232
0.122265122265122
0.027027027027027
0.102960102960103
0.0836550836550837
0.0347490347490347
0.0875160875160875
0.00772200772200772
0.0141570141570142
0.0167310167310167
0.0231660231660232
0.0231660231660232
0.0257400257400257
0.0476190476190476
0.045045045045045
0.00386100386100386
0.0154440154440154
0.0759330759330759
0.00386100386100386
0.0244530244530245
0.018018018018018
0.0900900900900901
0.0128700128700129
0.850707850707851
0.307593307593308
0.101673101673102
0.274131274131274
0.0334620334620335
0.0514800514800515
0.036036036036036
0.0694980694980695
0.0489060489060489
0.138996138996139
0.167310167310167
0.19047619047619
0.0115830115830116
0.0617760617760618
0.648648648648649
0.0373230373230373
0.0965250965250965
0.0733590733590734
1
0.0669240669240669
0.0759330759330759
0.0540540540540541
0.027027027027027
0.0347490347490347
0.00772200772200772
0.00386100386100386
0.0102960102960103
0.0283140283140283
0.00900900900900901
0.0205920205920206
0.0386100386100386
0.0167310167310167
0.00128700128700129
0.0141570141570142
0.0424710424710425
0.00386100386100386
0.036036036036036
0.00772200772200772
0.0694980694980695
0.0141570141570142
