0.654692931633835
0.472769409038239
0.132097334878331
0.391657010428737
0.0266512166859791
0.06720741599073
0.0718424101969873
0.169177288528389
0.0753186558516802
0.137891077636153
0.31981460023175
0.215527230590962
0.015063731170336
0.0556199304750869
0.58053302433372
0.0451911935110081
0.143684820393975
0.155272305909618
0.701042873696408
0.0799536500579374
0.515643105446118
0.302433371958285
0.0915411355735805
0.254924681344148
0.0301274623406721
0.0393974507531866
0.0370799536500579
0.103128621089224
0.0498261877172654
0.0845886442641947
0.203939745075319
0.135573580533024
0.00579374275782155
0.0324449594438007
0.382387022016222
0.0220162224797219
0.119351100811124
0.0776361529548088
0.418308227114716
0.0463499420625724
0.0892236384704519
0.107763615295481
0.0312862108922364
0.0869061413673233
0.00579374275782155
0.0173812282734647
0.0208574739281576
0.0382387022016222
0.0220162224797219
0.0231749710312862
0.0602549246813441
0.0498261877172654
0.00347624565469293
0.00926998841251448
0.0915411355735805
0.0139049826187717
0.0393974507531866
0.0173812282734647
0.123986095017381
0.018539976825029
0.310544611819235
0.340672074159907
0.0764774044032445
0.346465816917729
0.00811123986095017
0.052143684820394
0.0173812282734647
0.0625724217844728
0.0417149478563152
0.0614136732329085
0.186558516801854
0.202780996523754
0.00579374275782155
0.033603707995365
0.289687137891078
0.0208574739281576
0.0834298957126304
0.0625724217844728
0.353418308227115
0.033603707995365
0.0660486674391657
0.0393974507531866
0.00811123986095017
0.0289687137891078
0.00463499420625724
0.00347624565469293
0.00347624565469293
0.00811123986095017
0.00231749710312862
0.0104287369640788
0.0196987253765933
0.0243337195828505
0.00231749710312862
0.00695249130938586
0.0405561993047509
0.00347624565469293
0.015063731170336
0.00463499420625724
0.052143684820394
0.00231749710312862
0.0648899188876014
0.0602549246813441
0.018539976825029
0.0405561993047509
0.00347624565469293
0.00579374275782155
0.00695249130938586
0.018539976825029
0.00695249130938586
0.015063731170336
0.0301274623406721
0.0266512166859791
0.00231749710312862
0.00579374275782155
0.0533024333719583
0.00463499420625724
0.0139049826187717
0.00579374275782155
0.0567786790266512
0.00347624565469293
0.0498261877172654
0.0370799536500579
0.015063731170336
0.015063731170336
0.00579374275782155
0.00231749710312862
0.0139049826187717
0.0278099652375435
0.0162224797219003
0.0173812282734647
0.0243337195828505
0.0231749710312862
0.00347624565469293
0.0104287369640788
0.0312862108922364
0.00347624565469293
0.0231749710312862
0.0115874855156431
0.0428736964078795
0.0127462340672074
0.156431054461182
0.0822711471610661
0.0301274623406721
0.0660486674391657
0.0115874855156431
0.0196987253765933
0.0254924681344148
0.0869061413673233
0.0208574739281576
0.0382387022016222
0.0753186558516802
0.0498261877172654
0.00231749710312862
0.0289687137891078
0.0683661645422943
0.0162224797219003
0.0475086906141367
0.0382387022016222
0.0915411355735805
0.0301274623406721
0.0880648899188876
0.0440324449594438
0.0139049826187717
0.033603707995365
0.00347624565469293
0.0115874855156431
0.0104287369640788
0.0220162224797219
0.00695249130938586
0.0220162224797219
0.0254924681344148
0.0231749710312862
0.00579374275782155
0.00926998841251448
0.0289687137891078
0.00347624565469293
0.0208574739281576
0.0115874855156431
0.048667439165701
0.00463499420625724
0.143684820393975
0.0787949015063731
0.0266512166859791
0.0637311703360371
0.00579374275782155
0.00811123986095017
0.0220162224797219
0.0660486674391657
0.0196987253765933
0.0405561993047509
0.0475086906141367
0.0393974507531866
0.00463499420625724
0.0196987253765933
0.0996523754345307
0.0173812282734647
0.0289687137891078
0.0173812282734647
0.120509849362688
0.0266512166859791
0.289687137891078
0.202780996523754
0.0637311703360371
0.159907300115875
0.0196987253765933
0.033603707995365
0.0243337195828505
0.0961761297798378
0.0220162224797219
0.0648899188876014
0.121668597914253
0.0915411355735805
0.00463499420625724
0.0278099652375435
0.17728852838934
0.0231749710312862
0.0428736964078795
0.0590961761297798
0.202780996523754
0.0405561993047509
0.208574739281576
0.196987253765933
0.0509849362688297
0.172653534183082
0.00926998841251448
0.0254924681344148
0.0162224797219003
0.0463499420625724
0.0254924681344148
0.0440324449594438
0.119351100811124
0.120509849362688
0.0139049826187717
0.0127462340672074
0.194669756662804
0.00695249130938586
0.0544611819235226
0.0451911935110081
0.235225955967555
0.0231749710312862
0.0162224797219003
0.0115874855156431
0.00347624565469293
0.00695249130938586
0
0.00231749710312862
0.00347624565469293
0.00463499420625724
0
0.00231749710312862
0.00695249130938586
0.00811123986095017
0.00115874855156431
0.00115874855156431
0.0139049826187717
0
0.00347624565469293
0.00347624565469293
0.018539976825029
0.00463499420625724
0.06720741599073
0.0347624565469293
0.0173812282734647
0.0254924681344148
0.00463499420625724
0.00231749710312862
0.00926998841251448
0.015063731170336
0.00579374275782155
0.0266512166859791
0.0312862108922364
0.0208574739281576
0.00115874855156431
0.00347624565469293
0.0556199304750869
0.00231749710312862
0.00926998841251448
0.0127462340672074
0.0556199304750869
0.0115874855156431
0.526071842410197
0.373117033603708
0.11819235225956
0.41135573580533
0.0231749710312862
0.0614136732329085
0.0243337195828505
0.0764774044032445
0.0359212050984936
0.0741599073001159
0.198146002317497
0.25260718424102
0.0139049826187717
0.048667439165701
0.406720741599073
0.0324449594438007
0.115874855156431
0.0845886442641947
0.469293163383546
0.0509849362688297
0.0312862108922364
0.0312862108922364
0.0104287369640788
0.0162224797219003
0.00231749710312862
0.00579374275782155
0.00926998841251448
0.0173812282734647
0.00695249130938586
0.0162224797219003
0.0220162224797219
0.0208574739281576
0.00115874855156431
0.00463499420625724
0.0359212050984936
0.00231749710312862
0.00347624565469293
0.00926998841251448
0.0243337195828505
0.00811123986095017
0.164542294322132
0.106604866743917
0.0312862108922364
0.06720741599073
0.0115874855156431
0.0162224797219003
0.0231749710312862
0.0231749710312862
0.0115874855156431
0.0347624565469293
0.0451911935110081
0.0475086906141367
0.00231749710312862
0.0196987253765933
0.112398609501738
0.0115874855156431
0.0359212050984936
0.0162224797219003
0.129779837775203
0.0243337195828505
0.112398609501738
0.0834298957126304
0.0231749710312862
0.0880648899188876
0.015063731170336
0.0196987253765933
0.018539976825029
0.0173812282734647
0.0104287369640788
0.0231749710312862
0.0463499420625724
0.0428736964078795
0.00579374275782155
0.0162224797219003
0.0602549246813441
0.00463499420625724
0.0278099652375435
0.0115874855156431
0.0764774044032445
0.0139049826187717
0.884125144843569
0.312862108922364
0.0938586326767092
0.297798377752028
0.0428736964078795
0.0475086906141367
0.0254924681344148
0.0660486674391657
0.0451911935110081
0.149478563151796
0.149478563151796
0.210892236384705
0.0162224797219003
0.0556199304750869
0.632676709154114
0.0417149478563152
0.0880648899188876
0.0625724217844728
1
0.0602549246813441
0.0973348783314021
0.0463499420625724
0.018539976825029
0.0220162224797219
0.00695249130938586
0.00579374275782155
0.00347624565469293
0.0220162224797219
0.0127462340672074
0.0127462340672074
0.0382387022016222
0.0196987253765933
0.00115874855156431
0.0104287369640788
0.0509849362688297
0.00463499420625724
0.0231749710312862
0.0127462340672074
0.0834298957126304
0.00463499420625724
