0.707750952986023
0.518424396442186
0.156289707750953
0.40279542566709
0.0292249047013977
0.0749682337992376
0.0876747141041931
0.177890724269377
0.0927573062261754
0.158831003811944
0.372299872935197
0.251588310038119
0.0177890724269377
0.0724269377382465
0.684879288437103
0.0444726810673443
0.186785260482846
0.18297331639136
0.782719186785261
0.085133418043202
0.564167725540025
0.343074968233799
0.096569250317662
0.298602287166455
0.0330368487928844
0.048284625158831
0.0355781448538755
0.118170266836086
0.0673443456162643
0.0914866581956798
0.232528589580686
0.16010165184244
0.00889453621346887
0.0330368487928844
0.454891994917408
0.0355781448538755
0.151207115628971
0.0838627700127065
0.461245235069886
0.0584498094027954
0.120711562897078
0.13722998729352
0.036848792884371
0.0978398983481576
0.00635324015247776
0.0216010165184244
0.0203303684879288
0.0546378653113088
0.0203303684879288
0.0279542566709022
0.071156289707751
0.0584498094027954
0.00762388818297332
0.00889453621346887
0.1143583227446
0.0152477763659466
0.048284625158831
0.0393900889453621
0.149936467598475
0.0177890724269377
0.336721728081321
0.385006353240152
0.096569250317662
0.36848792884371
0.01143583227446
0.0813214739517154
0.0254129606099111
0.0876747141041931
0.048284625158831
0.0775095298602287
0.195679796696315
0.219822109275731
0.0177890724269377
0.0444726810673443
0.316391359593393
0.0279542566709022
0.0978398983481576
0.0902160101651842
0.376111817026684
0.0457433290978399
0.0648030495552732
0.0406607369758577
0.00889453621346887
0.048284625158831
0.00508259212198221
0.00508259212198221
0.00889453621346887
0.0165184243964422
0.00762388818297332
0.0139771283354511
0.0216010165184244
0.0177890724269377
0.00254129606099111
0.00635324015247776
0.0432020330368488
0.00254129606099111
0.0165184243964422
0.00508259212198221
0.0508259212198221
0.00508259212198221
0.0609911054637865
0.0571791613722999
0.0216010165184244
0.0609911054637865
0.00254129606099111
0.00889453621346887
0.00381194409148666
0.0266836086404066
0.0139771283354511
0.01143583227446
0.0444726810673443
0.0381194409148666
0.00254129606099111
0.00635324015247776
0.0648030495552732
0.00889453621346887
0.0177890724269377
0.0152477763659466
0.0762388818297332
0.0101651842439644
0.0673443456162643
0.0457433290978399
0.0203303684879288
0.0266836086404066
0.00381194409148666
0.00508259212198221
0.0216010165184244
0.0355781448538755
0.0127064803049555
0.0177890724269377
0.0470139771283355
0.0241423125794155
0.00254129606099111
0.0101651842439644
0.0317662007623888
0.00635324015247776
0.01143583227446
0.0203303684879288
0.0546378653113088
0.0228716645489199
0.202033036848793
0.0825921219822109
0.0432020330368488
0.0800508259212198
0.0228716645489199
0.0304955527318933
0.0457433290978399
0.0825921219822109
0.0304955527318933
0.0444726810673443
0.085133418043202
0.0622617534942821
0.00889453621346887
0.0317662007623888
0.0736975857687421
0.0317662007623888
0.0559085133418043
0.0444726810673443
0.0978398983481576
0.0393900889453621
0.116899618805591
0.0533672172808132
0.0203303684879288
0.0406607369758577
0.00889453621346887
0.01143583227446
0.0152477763659466
0.0432020330368488
0.00508259212198221
0.0241423125794155
0.0330368487928844
0.0317662007623888
0.00635324015247776
0.0152477763659466
0.0406607369758577
0.00762388818297332
0.0266836086404066
0.0139771283354511
0.0559085133418043
0.0101651842439644
0.172808132147395
0.096569250317662
0.0355781448538755
0.0762388818297332
0.00889453621346887
0.0127064803049555
0.0190597204574333
0.0775095298602287
0.0254129606099111
0.0444726810673443
0.0698856416772554
0.0508259212198221
0.00508259212198221
0.0241423125794155
0.096569250317662
0.0216010165184244
0.0355781448538755
0.0355781448538755
0.123252858958069
0.0241423125794155
0.373570520965692
0.203303684879288
0.0736975857687421
0.172808132147395
0.0190597204574333
0.0393900889453621
0.036848792884371
0.123252858958069
0.0393900889453621
0.0902160101651842
0.16010165184244
0.118170266836086
0.0101651842439644
0.0330368487928844
0.222363405336722
0.0343074968233799
0.0660736975857687
0.0660736975857687
0.233799237611182
0.0495552731893266
0.242693773824651
0.21728081321474
0.0571791613722999
0.219822109275731
0.0101651842439644
0.0266836086404066
0.0266836086404066
0.0609911054637865
0.0304955527318933
0.0571791613722999
0.14866581956798
0.143583227445997
0.01143583227446
0.0127064803049555
0.219822109275731
0.0101651842439644
0.071156289707751
0.0520965692503177
0.266836086404066
0.0254129606099111
0.0292249047013977
0.0177890724269377
0.00381194409148666
0.00762388818297332
0.00254129606099111
0.00127064803049555
0.00254129606099111
0.00508259212198221
0
0.00508259212198221
0.0101651842439644
0.0165184243964422
0.00254129606099111
0.00127064803049555
0.0241423125794155
0.00127064803049555
0.00508259212198221
0.00508259212198221
0.0216010165184244
0.00508259212198221
0.0813214739517154
0.0533672172808132
0.0228716645489199
0.0355781448538755
0.00889453621346887
0.00508259212198221
0.0101651842439644
0.0127064803049555
0.0127064803049555
0.0254129606099111
0.036848792884371
0.0190597204574333
0.00254129606099111
0.0139771283354511
0.0559085133418043
0.00381194409148666
0.0304955527318933
0.0139771283354511
0.059720457433291
0.0101651842439644
0.606099110546379
0.435832274459975
0.133418043202033
0.45997458703939
0.0279542566709022
0.0622617534942821
0.036848792884371
0.0775095298602287
0.0470139771283355
0.085133418043202
0.241423125794155
0.296060991105464
0.0254129606099111
0.0559085133418043
0.499364675984752
0.0279542566709022
0.141041931385006
0.10292249047014
0.538754764930114
0.0546378653113088
0.0444726810673443
0.036848792884371
0.0190597204574333
0.0177890724269377
0.00381194409148666
0.00762388818297332
0.0139771283354511
0.0228716645489199
0.0101651842439644
0.0216010165184244
0.0266836086404066
0.0190597204574333
0.00127064803049555
0.00889453621346887
0.0393900889453621
0.00508259212198221
0.00635324015247776
0.0139771283354511
0.0343074968233799
0.00635324015247776
0.19440914866582
0.14866581956798
0.0355781448538755
0.0787801778907243
0.0177890724269377
0.0177890724269377
0.0228716645489199
0.0317662007623888
0.0203303684879288
0.0381194409148666
0.0698856416772554
0.0622617534942821
0.00508259212198221
0.0241423125794155
0.138500635324015
0.0165184243964422
0.0355781448538755
0.0203303684879288
0.172808132147395
0.0343074968233799
0.141041931385006
0.105463786531131
0.036848792884371
0.0991105463786531
0.00889453621346887
0.0254129606099111
0.0216010165184244
0.0343074968233799
0.0203303684879288
0.0304955527318933
0.0571791613722999
0.0660736975857687
0.00635324015247776
0.0165184243964422
0.0800508259212198
0.00381194409148666
0.0343074968233799
0.0228716645489199
0.0864040660736976
0.0177890724269377
0.895806861499365
0.354510800508259
0.132147395171537
0.325285895806862
0.0381194409148666
0.0609911054637865
0.0241423125794155
0.0724269377382465
0.0571791613722999
0.1715374841169
0.198221092757306
0.229987293519695
0.0216010165184244
0.0838627700127065
0.716645489199492
0.0495552731893266
0.115628970775095
0.0775095298602287
1
0.0825921219822109
0.096569250317662
0.0571791613722999
0.0330368487928844
0.0393900889453621
0.00635324015247776
0.00762388818297332
0.00889453621346887
0.0343074968233799
0.0190597204574333
0.0216010165184244
0.0457433290978399
0.0266836086404066
0.00127064803049555
0.0127064803049555
0.0457433290978399
0.00508259212198221
0.0393900889453621
0.0139771283354511
0.0889453621346887
0.0139771283354511
