502
388
105
298
20
56
62
129
66
123
263
151
17
40
447
33
120
106
523
62
417
217
68
212
16
32
39
88
40
74
161
99
7
21
264
24
91
60
351
43
99
95
29
74
3
10
22
42
12
28
59
34
5
8
65
9
37
31
104
15
219
264
69
300
5
41
16
62
30
42
145
151
12
28
204
18
65
58
264
28
52
30
8
24
3
4
10
13
6
10
17
13
2
3
27
1
12
3
39
4
43
41
18
42
2
13
5
15
6
8
19
25
0
7
30
3
17
14
48
8
42
45
26
9
6
3
17
34
13
18
35
17
3
10
30
8
15
12
43
17
154
68
47
63
19
16
25
79
17
46
64
44
4
15
46
21
42
37
76
36
59
36
16
21
7
10
12
34
5
21
24
14
4
10
28
7
12
10
34
6
131
70
27
61
8
8
21
57
19
41
50
32
4
20
81
10
25
28
92
14
250
149
62
113
16
25
27
89
21
66
101
80
6
24
136
24
45
47
177
32
156
154
31
123
3
27
16
44
17
38
102
90
7
12
147
6
36
38
164
18
20
19
4
4
2
0
2
4
1
2
5
9
0
0
15
1
1
1
14
3
63
28
16
20
8
5
10
12
6
16
23
15
0
8
38
2
13
9
35
6
388
292
84
291
13
44
25
62
26
62
159
201
15
30
299
25
69
68
349
38
31
26
13
21
2
5
12
19
4
15
20
14
2
3
20
3
5
6
22
5
123
84
28
49
11
15
18
23
14
34
40
31
2
11
90
9
26
18
105
25
91
75
19
60
9
17
20
24
16
20
34
45
4
15
52
4
26
14
67
14
621
226
88
214
27
31
33
59
43
120
139
152
13
58
499
37
74
63
766
57
66
30
27
27
10
4
11
31
8
16
32
14
0
10
30
3
29
9
71
12
