0.685230024213075
0.483050847457627
0.144067796610169
0.416464891041162
0.0302663438256659
0.0677966101694915
0.0726392251815981
0.154963680387409
0.0871670702179177
0.130750605326877
0.332929782082324
0.225181598062954
0.0181598062953995
0.062953995157385
0.610169491525424
0.0447941888619855
0.165859564164649
0.14043583535109
0.726392251815981
0.0677966101694915
0.519370460048426
0.322033898305085
0.0738498789346247
0.268765133171913
0.0290556900726392
0.0423728813559322
0.0326876513317191
0.105326876513317
0.0653753026634383
0.085956416464891
0.205811138014528
0.123486682808717
0.00605326876513317
0.0290556900726392
0.416464891041162
0.0387409200968523
0.104116222760291
0.076271186440678
0.435835351089588
0.0484261501210654
0.085956416464891
0.10774818401937
0.0375302663438257
0.099273607748184
0.00484261501210654
0.0181598062953995
0.026634382566586
0.0556900726392252
0.0157384987893462
0.0242130750605327
0.062953995157385
0.0508474576271186
0.00847457627118644
0.013317191283293
0.106537530266344
0.0145278450363196
0.0472154963680387
0.0242130750605327
0.12227602905569
0.0121065375302663
0.332929782082324
0.38861985472155
0.0907990314769976
0.372881355932203
0.00847457627118644
0.0665859564164649
0.0193704600484262
0.0714285714285714
0.0447941888619855
0.0617433414043584
0.171912832929782
0.230024213075061
0.0193704600484262
0.0447941888619855
0.274818401937046
0.026634382566586
0.0835351089588378
0.0690072639225182
0.364406779661017
0.0423728813559322
0.0605326876513317
0.0399515738498789
0.0036319612590799
0.0375302663438257
0.00605326876513317
0.00484261501210654
0.00726392251815981
0.0157384987893462
0.0036319612590799
0.00484261501210654
0.0145278450363196
0.0169491525423729
0.00121065375302663
0.00847457627118644
0.0460048426150121
0.00605326876513317
0.00847457627118644
0.00484261501210654
0.0581113801452785
0.00242130750605327
0.0641646489104116
0.0617433414043584
0.0181598062953995
0.0593220338983051
0.00242130750605327
0.00484261501210654
0.00484261501210654
0.026634382566586
0.013317191283293
0.0121065375302663
0.0302663438256659
0.0302663438256659
0.0036319612590799
0.00242130750605327
0.0593220338983051
0.0036319612590799
0.0169491525423729
0.0121065375302663
0.0665859564164649
0.00121065375302663
0.0605326876513317
0.0411622276029056
0.0217917675544794
0.0230024213075061
0.00605326876513317
0.0036319612590799
0.0169491525423729
0.0254237288135593
0.00847457627118644
0.0108958837772397
0.0302663438256659
0.0169491525423729
0.00242130750605327
0.0121065375302663
0.0314769975786925
0.00484261501210654
0.0193704600484262
0.0108958837772397
0.0423728813559322
0.013317191283293
0.167070217917676
0.0653753026634383
0.0399515738498789
0.0605326876513317
0.0181598062953995
0.0278450363196126
0.0290556900726392
0.076271186440678
0.0205811138014528
0.0423728813559322
0.0677966101694915
0.0508474576271186
0.00847457627118644
0.0302663438256659
0.0799031476997579
0.0193704600484262
0.0460048426150121
0.0302663438256659
0.099273607748184
0.0205811138014528
0.0871670702179177
0.0484261501210654
0.0193704600484262
0.0375302663438257
0.00605326876513317
0.0121065375302663
0.00726392251815981
0.026634382566586
0.00847457627118644
0.0205811138014528
0.0351089588377724
0.0254237288135593
0.00484261501210654
0.0108958837772397
0.0351089588377724
0.00484261501210654
0.0169491525423729
0.00605326876513317
0.0411622276029056
0.00605326876513317
0.148910411622276
0.076271186440678
0.026634382566586
0.0714285714285714
0.0108958837772397
0.0108958837772397
0.0169491525423729
0.0702179176755448
0.0121065375302663
0.0399515738498789
0.0532687651331719
0.0351089588377724
0.00484261501210654
0.0193704600484262
0.0847457627118644
0.013317191283293
0.0242130750605327
0.0326876513317191
0.105326876513317
0.0157384987893462
0.324455205811138
0.180387409200969
0.0750605326876513
0.175544794188862
0.0145278450363196
0.026634382566586
0.0326876513317191
0.0944309927360775
0.0326876513317191
0.0726392251815981
0.10774818401937
0.0980629539951574
0.00484261501210654
0.0230024213075061
0.194915254237288
0.0242130750605327
0.0423728813559322
0.0532687651331719
0.209443099273608
0.036319612590799
0.222760290556901
0.209443099273608
0.0435835351089588
0.191283292978208
0.013317191283293
0.0411622276029056
0.0157384987893462
0.0375302663438257
0.026634382566586
0.0435835351089588
0.11501210653753
0.127118644067797
0.00968523002421308
0.00968523002421308
0.211864406779661
0.0036319612590799
0.0617433414043584
0.0460048426150121
0.246973365617433
0.0193704600484262
0.0193704600484262
0.0217917675544794
0.00484261501210654
0.013317191283293
0.00121065375302663
0.00242130750605327
0.00484261501210654
0.00726392251815981
0.00121065375302663
0.00484261501210654
0.00605326876513317
0.00968523002421308
0.00121065375302663
0.00121065375302663
0.0193704600484262
0.00121065375302663
0.00484261501210654
0.0036319612590799
0.0169491525423729
0.00242130750605327
0.0786924939467312
0.0351089588377724
0.0157384987893462
0.0351089588377724
0.00726392251815981
0.00605326876513317
0.00968523002421308
0.0145278450363196
0.0108958837772397
0.0254237288135593
0.0254237288135593
0.0230024213075061
0.0036319612590799
0.0157384987893462
0.0544794188861985
0.00605326876513317
0.0169491525423729
0.00847457627118644
0.0653753026634383
0.013317191283293
0.584745762711864
0.39225181598063
0.116222760290557
0.424939467312349
0.0217917675544794
0.0665859564164649
0.0254237288135593
0.0617433414043584
0.0351089588377724
0.0690072639225182
0.2409200968523
0.283292978208232
0.026634382566586
0.0460048426150121
0.427360774818402
0.0302663438256659
0.116222760290557
0.099273607748184
0.506053268765133
0.0399515738498789
0.0399515738498789
0.0290556900726392
0.013317191283293
0.0242130750605327
0.0036319612590799
0.00726392251815981
0.00847457627118644
0.0181598062953995
0.0036319612590799
0.0108958837772397
0.0254237288135593
0.0205811138014528
0
0.00847457627118644
0.0447941888619855
0.00968523002421308
0.00726392251815981
0.0121065375302663
0.0314769975786925
0.0036319612590799
0.167070217917676
0.112590799031477
0.0314769975786925
0.0677966101694915
0.0145278450363196
0.0121065375302663
0.0217917675544794
0.0254237288135593
0.013317191283293
0.0326876513317191
0.049636803874092
0.0520581113801453
0.00121065375302663
0.0193704600484262
0.123486682808717
0.0121065375302663
0.0254237288135593
0.013317191283293
0.12227602905569
0.0217917675544794
0.102905569007264
0.0956416464891041
0.0338983050847458
0.0895883777239709
0.00484261501210654
0.0157384987893462
0.0157384987893462
0.0254237288135593
0.0145278450363196
0.0338983050847458
0.0508474576271186
0.0435835351089588
0.0036319612590799
0.0205811138014528
0.0750605326876513
0.00605326876513317
0.0254237288135593
0.0181598062953995
0.0617433414043584
0.0169491525423729
0.86682808716707
0.294188861985472
0.106537530266344
0.289346246973366
0.0314769975786925
0.0569007263922518
0.0217917675544794
0.0653753026634383
0.0351089588377724
0.134382566585956
0.164648910411622
0.219128329297821
0.0193704600484262
0.0799031476997579
0.686440677966102
0.049636803874092
0.0932203389830508
0.0871670702179177
1
0.0677966101694915
0.076271186440678
0.0411622276029056
0.0230024213075061
0.0302663438256659
0.00605326876513317
0.00484261501210654
0.0121065375302663
0.0217917675544794
0.00726392251815981
0.013317191283293
0.0351089588377724
0.0181598062953995
0
0.0145278450363196
0.0375302663438257
0.0036319612590799
0.0230024213075061
0.0108958837772397
0.0702179176755448
0.00968523002421308
