565
428
111
314
32
62
53
163
65
121
292
171
17
63
493
39
150
130
564
81
449
238
74
216
22
38
29
92
45
67
181
118
7
23
327
26
97
64
378
47
87
105
34
75
5
11
21
41
11
14
63
43
8
9
81
8
35
28
98
16
239
286
72
256
5
51
20
69
34
55
141
169
10
37
232
15
60
59
295
25
54
33
5
31
3
3
8
16
6
9
17
18
0
4
47
3
13
5
45
4
59
52
15
41
2
7
7
24
5
11
31
30
4
5
39
4
14
11
45
5
52
41
19
12
7
4
16
28
7
12
31
15
0
13
37
4
15
10
41
14
159
64
31
57
15
27
28
77
25
49
67
47
7
22
72
21
47
33
86
25
73
34
18
26
4
12
6
29
4
18
28
13
4
9
30
4
13
9
38
10
126
78
32
52
8
5
12
59
15
42
51
40
4
11
82
15
23
31
90
21
272
173
59
151
18
35
40
92
29
60
108
86
4
25
154
22
51
59
174
34
201
170
39
133
10
24
13
40
18
28
104
86
9
13
167
6
48
50
183
18
15
12
2
10
1
2
1
6
1
3
7
9
0
0
16
2
3
3
15
2
69
33
15
19
4
3
11
16
7
24
22
14
0
4
40
3
18
8
44
9
459
309
102
334
26
43
29
63
30
75
196
208
17
33
372
25
93
83
392
47
38
28
15
13
2
6
5
12
6
17
26
9
0
7
32
3
7
7
19
5
144
90
28
59
16
17
27
28
15
31
51
39
2
14
100
8
36
18
109
22
98
79
29
74
11
15
13
25
15
22
37
45
6
13
67
6
26
8
80
11
698
257
79
233
35
39
30
54
36
124
159
184
12
49
512
41
91
60
794
49
76
44
22
28
7
9
9
26
8
16
36
18
0
9
41
3
20
9
63
12
