569
402
119
340
24
54
47
148
67
120
274
187
14
54
472
35
118
122
592
69
444
282
86
244
24
36
29
79
52
75
190
124
6
27
332
20
105
64
371
52
89
108
29
65
5
17
16
31
13
16
62
46
6
6
71
10
34
24
116
16
260
317
74
320
8
55
17
64
30
68
152
179
13
31
237
17
62
65
287
26
55
35
7
29
1
4
8
11
6
14
16
16
0
2
34
4
13
3
33
3
49
53
14
39
2
8
6
17
7
9
30
30
3
7
41
5
12
5
59
5
52
36
10
12
3
3
12
33
7
10
27
14
1
7
23
6
13
9
35
18
150
69
31
55
13
18
30
61
25
40
56
39
5
16
55
22
35
29
76
24
74
35
16
26
4
8
6
25
6
18
24
12
5
12
31
9
17
7
42
10
134
76
24
62
8
3
11
60
18
39
49
39
1
8
70
14
30
28
93
22
255
164
61
135
17
30
32
73
23
48
111
98
6
20
168
24
43
45
183
32
187
180
44
154
11
27
18
46
15
29
101
107
9
7
178
6
40
36
201
20
17
14
3
8
2
1
1
2
0
3
6
8
0
0
14
2
3
3
16
4
68
38
17
19
6
4
5
11
6
19
19
15
0
6
34
2
15
10
49
6
445
328
86
358
19
45
28
50
23
68
166
212
16
37
327
24
101
66
375
50
33
29
15
13
2
6
9
11
6
20
25
16
1
7
31
7
3
5
21
7
131
103
21
46
11
16
16
22
15
29
42
42
4
18
89
10
26
15
111
28
95
65
22
66
9
16
11
22
17
21
33
38
4
15
62
4
24
12
59
12
661
270
87
266
30
45
21
55
42
129
157
176
14
61
513
44
79
53
857
62
79
48
22
29
4
8
8
29
9
16
29
19
0
8
46
2
27
10
70
9
