0.671532846715328
0.479318734793187
0.150851581508516
0.345498783454988
0.0340632603406326
0.0766423357664234
0.062043795620438
0.153284671532847
0.0656934306569343
0.132603406326034
0.335766423357664
0.214111922141119
0.0158150851581509
0.062043795620438
0.568126520681265
0.0498783454987835
0.164233576642336
0.126520681265207
0.71654501216545
0.0839416058394161
0.52676399026764
0.267639902676399
0.0851581508515815
0.242092457420925
0.0231143552311436
0.0340632603406326
0.0316301703163017
0.0705596107055961
0.0523114355231144
0.0778588807785888
0.160583941605839
0.121654501216545
0.0121654501216545
0.0291970802919708
0.407542579075426
0.0352798053527981
0.108272506082725
0.0778588807785888
0.444038929440389
0.0413625304136253
0.0815085158150852
0.105839416058394
0.0304136253041363
0.0936739659367397
0.00608272506082725
0.0158150851581509
0.0194647201946472
0.0437956204379562
0.0182481751824818
0.024330900243309
0.0510948905109489
0.0510948905109489
0.0072992700729927
0.0097323600973236
0.104622871046229
0.0109489051094891
0.048661800486618
0.0352798053527981
0.132603406326034
0.0121654501216545
0.290754257907543
0.356447688564477
0.086374695863747
0.380778588807786
0.00608272506082725
0.0498783454987835
0.0206812652068127
0.0669099756690998
0.0425790754257908
0.0523114355231144
0.158150851581509
0.190997566909976
0.0097323600973236
0.0304136253041363
0.281021897810219
0.0182481751824818
0.072992700729927
0.0547445255474453
0.36374695863747
0.037712895377129
0.0571776155717762
0.0316301703163017
0.00851581508515815
0.0389294403892944
0.0048661800486618
0.0048661800486618
0.00608272506082725
0.0145985401459854
0.00608272506082725
0.00851581508515815
0.0194647201946472
0.0182481751824818
0
0.0048661800486618
0.0437956204379562
0.0048661800486618
0.00851581508515815
0.0072992700729927
0.0462287104622871
0.0024330900243309
0.0559610705596107
0.0596107055961071
0.0206812652068127
0.0437956204379562
0.00608272506082725
0.0048661800486618
0.0072992700729927
0.0206812652068127
0.00608272506082725
0.00851581508515815
0.0267639902676399
0.0316301703163017
0.0024330900243309
0
0.0510948905109489
0.00364963503649635
0.0206812652068127
0.01338199513382
0.0571776155717762
0.0048661800486618
0.0523114355231144
0.0389294403892944
0.0194647201946472
0.0158150851581509
0.0097323600973236
0.00121654501216545
0.0145985401459854
0.0340632603406326
0.0121654501216545
0.0182481751824818
0.0218978102189781
0.0170316301703163
0.0024330900243309
0.0109489051094891
0.0206812652068127
0.0024330900243309
0.0121654501216545
0.0097323600973236
0.0498783454987835
0.0182481751824818
0.165450121654501
0.0754257907542579
0.0340632603406326
0.0571776155717762
0.0072992700729927
0.0158150851581509
0.0218978102189781
0.0790754257907543
0.0206812652068127
0.0474452554744526
0.0596107055961071
0.0437956204379562
0.0048661800486618
0.0218978102189781
0.0656934306569343
0.0194647201946472
0.0401459854014599
0.0364963503649635
0.102189781021898
0.0340632603406326
0.0766423357664234
0.0328467153284672
0.0145985401459854
0.0291970802919708
0.0048661800486618
0.00851581508515815
0.0097323600973236
0.024330900243309
0.0048661800486618
0.0194647201946472
0.0255474452554745
0.0206812652068127
0.0024330900243309
0.0072992700729927
0.037712895377129
0.0109489051094891
0.0145985401459854
0.00851581508515815
0.0425790754257908
0.00851581508515815
0.145985401459854
0.0766423357664234
0.0279805352798054
0.072992700729927
0.00608272506082725
0.0109489051094891
0.01338199513382
0.0583941605839416
0.0145985401459854
0.0413625304136253
0.0547445255474453
0.0364963503649635
0.00608272506082725
0.0170316301703163
0.0961070559610706
0.0158150851581509
0.0304136253041363
0.0279805352798054
0.104622871046229
0.0194647201946472
0.29683698296837
0.172749391727494
0.0547445255474453
0.14963503649635
0.01338199513382
0.0364963503649635
0.0328467153284672
0.0948905109489051
0.0316301703163017
0.062043795620438
0.105839416058394
0.100973236009732
0.0072992700729927
0.024330900243309
0.161800486618005
0.0182481751824818
0.0523114355231144
0.0583941605839416
0.204379562043796
0.0389294403892944
0.206812652068127
0.193430656934307
0.0498783454987835
0.197080291970803
0.0097323600973236
0.0279805352798054
0.0121654501216545
0.0413625304136253
0.0206812652068127
0.037712895377129
0.0948905109489051
0.110705596107056
0.00851581508515815
0.0170316301703163
0.194647201946472
0.0072992700729927
0.0450121654501217
0.0583941605839416
0.212895377128954
0.0218978102189781
0.0194647201946472
0.00851581508515815
0.00364963503649635
0.0145985401459854
0
0.00121654501216545
0.00121654501216545
0.0072992700729927
0
0.00608272506082725
0.0072992700729927
0.0121654501216545
0
0.00121654501216545
0.0145985401459854
0.00121654501216545
0.0048661800486618
0.0048661800486618
0.0121654501216545
0.0048661800486618
0.0851581508515815
0.0401459854014599
0.0182481751824818
0.0194647201946472
0.0048661800486618
0.0072992700729927
0.00851581508515815
0.0158150851581509
0.0024330900243309
0.0145985401459854
0.0267639902676399
0.0194647201946472
0.00121654501216545
0.0072992700729927
0.0450121654501217
0.0048661800486618
0.01338199513382
0.0097323600973236
0.0596107055961071
0.00851581508515815
0.536496350364963
0.37712895377129
0.111922141119221
0.405109489051095
0.0291970802919708
0.0583941605839416
0.0279805352798054
0.0681265206812652
0.0231143552311436
0.0815085158150852
0.226277372262774
0.27007299270073
0.0231143552311436
0.0413625304136253
0.434306569343066
0.0255474452554745
0.0997566909975669
0.0802919708029197
0.482968369829684
0.0413625304136253
0.0425790754257908
0.0340632603406326
0.0182481751824818
0.0170316301703163
0.0024330900243309
0.0048661800486618
0.00851581508515815
0.0145985401459854
0.0072992700729927
0.0182481751824818
0.0206812652068127
0.0206812652068127
0
0.00608272506082725
0.0267639902676399
0.0048661800486618
0.0048661800486618
0.0072992700729927
0.0291970802919708
0.0109489051094891
0.166666666666667
0.102189781021898
0.0304136253041363
0.0596107055961071
0.0121654501216545
0.0170316301703163
0.0218978102189781
0.0316301703163017
0.0109489051094891
0.0304136253041363
0.0535279805352798
0.0437956204379562
0.0024330900243309
0.0109489051094891
0.102189781021898
0.00851581508515815
0.0291970802919708
0.0255474452554745
0.137469586374696
0.0267639902676399
0.105839416058394
0.062043795620438
0.0389294403892944
0.0802919708029197
0.00608272506082725
0.0182481751824818
0.0194647201946472
0.0206812652068127
0.0097323600973236
0.0182481751824818
0.0425790754257908
0.0425790754257908
0.0024330900243309
0.0182481751824818
0.0742092457420925
0.00851581508515815
0.0328467153284672
0.0072992700729927
0.102189781021898
0.0097323600973236
0.864963503649635
0.302919708029197
0.0888077858880779
0.279805352798054
0.037712895377129
0.0437956204379562
0.0340632603406326
0.0656934306569343
0.0462287104622871
0.16301703163017
0.18978102189781
0.184914841849148
0.0145985401459854
0.0790754257907543
0.678832116788321
0.0437956204379562
0.0961070559610706
0.0669099756690998
1
0.0523114355231144
0.0802919708029197
0.0474452554744526
0.0206812652068127
0.0316301703163017
0.0024330900243309
0.00851581508515815
0.00851581508515815
0.0267639902676399
0.00851581508515815
0.0158150851581509
0.0389294403892944
0.0182481751824818
0.0024330900243309
0.0145985401459854
0.0437956204379562
0.00608272506082725
0.0304136253041363
0.0097323600973236
0.062043795620438
0.0109489051094891
