0.676178660049628
0.504962779156328
0.141439205955335
0.395781637717122
0.0397022332506203
0.0744416873449131
0.0794044665012407
0.203473945409429
0.0930521091811414
0.135235732009926
0.364764267990074
0.210918114143921
0.0173697270471464
0.0607940446650124
0.615384615384615
0.0421836228287841
0.1712158808933
0.142679900744417
0.725806451612903
0.0942928039702233
0.558312655086849
0.325062034739454
0.0967741935483871
0.280397022332506
0.0260545905707196
0.0446650124069479
0.0384615384615385
0.102977667493797
0.054590570719603
0.0967741935483871
0.199751861042184
0.138957816377171
0.0086848635235732
0.0310173697270471
0.39454094292804
0.0359801488833747
0.124069478908189
0.0794044665012407
0.451612903225806
0.0496277915632754
0.121588089330025
0.117866004962779
0.0421836228287841
0.0856079404466501
0.00620347394540943
0.0210918114143921
0.0285359801488834
0.0446650124069479
0.0161290322580645
0.0297766749379653
0.0732009925558313
0.0632754342431762
0.00744416873449132
0.00992555831265509
0.100496277915633
0.011166253101737
0.0521091811414392
0.0347394540942928
0.145161290322581
0.0260545905707196
0.323821339950372
0.349875930521092
0.101736972704715
0.369727047146402
0.0086848635235732
0.0707196029776675
0.0223325062034739
0.0744416873449131
0.0459057071960298
0.0781637717121588
0.186104218362283
0.204714640198511
0.0148883374689826
0.0372208436724566
0.28287841191067
0.0272952853598015
0.0781637717121588
0.0769230769230769
0.367245657568238
0.0446650124069479
0.0744416873449131
0.0421836228287841
0.00620347394540943
0.043424317617866
0.00620347394540943
0.00620347394540943
0.00992555831265509
0.0148883374689826
0.00496277915632754
0.0124069478908189
0.0285359801488834
0.0235732009925558
0.00248138957816377
0.00620347394540943
0.0384615384615385
0.00372208436724566
0.0136476426799007
0.00620347394540943
0.0483870967741935
0.00620347394540943
0.0558312655086849
0.0682382133995037
0.0210918114143921
0.0521091811414392
0.00496277915632754
0.00744416873449132
0.00992555831265509
0.0285359801488834
0.00496277915632754
0.0124069478908189
0.0347394540942928
0.0397022332506203
0.00372208436724566
0.0086848635235732
0.0570719602977667
0.00372208436724566
0.0173697270471464
0.00744416873449132
0.054590570719603
0.00372208436724566
0.0583126550868486
0.0483870967741935
0.0223325062034739
0.0223325062034739
0.011166253101737
0.00248138957816377
0.0161290322580645
0.0459057071960298
0.0148883374689826
0.0223325062034739
0.0421836228287841
0.0272952853598015
0.00372208436724566
0.0148883374689826
0.0272952853598015
0.0086848635235732
0.0173697270471464
0.0124069478908189
0.0558312655086849
0.0223325062034739
0.188585607940447
0.0856079404466501
0.0583126550868486
0.0781637717121588
0.0210918114143921
0.0198511166253102
0.0334987593052109
0.101736972704715
0.0223325062034739
0.0483870967741935
0.0781637717121588
0.0570719602977667
0.00372208436724566
0.0310173697270471
0.0769230769230769
0.0248138957816377
0.0657568238213399
0.0471464019851117
0.106699751861042
0.0446650124069479
0.0856079404466501
0.0496277915632754
0.0161290322580645
0.0334987593052109
0.0086848635235732
0.011166253101737
0.0136476426799007
0.0384615384615385
0.00744416873449132
0.0210918114143921
0.0285359801488834
0.0235732009925558
0.00744416873449132
0.011166253101737
0.0359801488833747
0.0086848635235732
0.0223325062034739
0.011166253101737
0.0471464019851117
0.0124069478908189
0.150124069478908
0.0955334987593052
0.0297766749379653
0.0806451612903226
0.0086848635235732
0.00992555831265509
0.0223325062034739
0.0843672456575682
0.0210918114143921
0.0570719602977667
0.0669975186104218
0.0483870967741935
0.00372208436724566
0.0148883374689826
0.0955334987593052
0.0198511166253102
0.0260545905707196
0.0310173697270471
0.11166253101737
0.0186104218362283
0.30893300248139
0.219602977667494
0.0794044665012407
0.1712158808933
0.0248138957816377
0.0347394540942928
0.0409429280397022
0.116625310173697
0.0359801488833747
0.0744416873449131
0.124069478908189
0.112903225806452
0.00992555831265509
0.0248138957816377
0.193548387096774
0.032258064516129
0.0533498759305211
0.0645161290322581
0.238213399503722
0.0496277915632754
0.232009925558313
0.200992555831266
0.0583126550868486
0.186104218362283
0.0136476426799007
0.0334987593052109
0.0223325062034739
0.0521091811414392
0.0260545905707196
0.0310173697270471
0.130272952853598
0.120347394540943
0.0086848635235732
0.00992555831265509
0.218362282878412
0.00992555831265509
0.0558312655086849
0.0521091811414392
0.227047146401985
0.0272952853598015
0.0198511166253102
0.0161290322580645
0.00372208436724566
0.00744416873449132
0.00248138957816377
0
0.00248138957816377
0.00496277915632754
0
0.00496277915632754
0.00620347394540943
0.0086848635235732
0.00124069478908189
0.00124069478908189
0.0235732009925558
0
0.00496277915632754
0.00248138957816377
0.0186104218362283
0.00496277915632754
0.086848635235732
0.032258064516129
0.0124069478908189
0.0223325062034739
0.011166253101737
0.00620347394540943
0.00744416873449132
0.0198511166253102
0.00744416873449132
0.0248138957816377
0.0285359801488834
0.0235732009925558
0
0.0086848635235732
0.0446650124069479
0.00372208436724566
0.0210918114143921
0.0136476426799007
0.0632754342431762
0.00496277915632754
0.547146401985112
0.366004962779156
0.126550868486352
0.413151364764268
0.0210918114143921
0.054590570719603
0.0347394540942928
0.0794044665012407
0.0359801488833747
0.0794044665012407
0.220843672456576
0.269230769230769
0.0223325062034739
0.0409429280397022
0.423076923076923
0.0310173697270471
0.106699751861042
0.0967741935483871
0.52605459057072
0.0508684863523573
0.0372208436724566
0.032258064516129
0.0173697270471464
0.0235732009925558
0.00248138957816377
0.00992555831265509
0.00992555831265509
0.0235732009925558
0.011166253101737
0.0198511166253102
0.032258064516129
0.0186104218362283
0.00124069478908189
0.0086848635235732
0.0334987593052109
0.00744416873449132
0.00744416873449132
0.0124069478908189
0.032258064516129
0.011166253101737
0.152605459057072
0.12531017369727
0.0359801488833747
0.0719602977667494
0.011166253101737
0.0198511166253102
0.0297766749379653
0.0359801488833747
0.0161290322580645
0.0397022332506203
0.0607940446650124
0.0459057071960298
0.00124069478908189
0.0173697270471464
0.126550868486352
0.011166253101737
0.0272952853598015
0.0248138957816377
0.135235732009926
0.0310173697270471
0.112903225806452
0.0893300248138958
0.0334987593052109
0.0967741935483871
0.0148883374689826
0.0148883374689826
0.0223325062034739
0.0260545905707196
0.0198511166253102
0.0235732009925558
0.0496277915632754
0.0570719602977667
0.00248138957816377
0.0198511166253102
0.0620347394540943
0.0086848635235732
0.0297766749379653
0.0136476426799007
0.0930521091811414
0.0186104218362283
0.91439205955335
0.318858560794045
0.110421836228288
0.307692307692308
0.0347394540942928
0.0496277915632754
0.0409429280397022
0.0657568238213399
0.0421836228287841
0.166253101736973
0.207196029776675
0.202233250620347
0.0136476426799007
0.0719602977667494
0.657568238213399
0.0583126550868486
0.106699751861042
0.0682382133995037
1
0.0694789081885856
0.11166253101737
0.0669975186104218
0.0272952853598015
0.0310173697270471
0.00744416873449132
0.00744416873449132
0.011166253101737
0.0310173697270471
0.0136476426799007
0.0210918114143921
0.0496277915632754
0.0223325062034739
0.00124069478908189
0.0136476426799007
0.0483870967741935
0.00372208436724566
0.0248138957816377
0.0148883374689826
0.0831265508684863
0.0161290322580645
