562
446
129
348
23
72
72
173
76
126
291
178
15
53
507
40
156
125
626
71
438
259
72
206
21
37
36
109
44
76
186
119
7
35
356
29
108
70
412
51
111
104
35
79
5
13
22
48
22
27
63
40
7
13
76
13
43
26
103
17
277
311
71
308
7
46
15
60
34
66
165
164
12
35
248
19
81
66
283
35
55
31
7
33
4
4
5
18
9
14
26
19
1
4
43
4
15
7
50
1
59
52
22
49
5
7
8
17
8
11
29
27
3
5
45
3
15
10
40
5
57
41
26
20
9
3
13
33
8
19
31
14
4
7
27
6
15
11
42
16
167
74
40
60
15
18
30
78
24
47
71
54
8
22
63
21
49
36
81
33
78
45
17
29
8
13
12
27
7
19
32
26
5
15
30
9
18
10
47
8
154
73
30
62
11
9
20
61
22
40
54
28
5
14
80
13
31
27
125
21
279
177
69
135
21
26
30
90
35
81
108
90
6
22
173
20
58
53
195
35
186
175
39
160
10
29
12
44
20
36
102
103
9
16
177
7
52
40
205
22
21
19
5
10
1
1
2
8
0
5
6
13
0
1
15
1
3
3
17
4
66
39
15
23
8
3
10
13
10
24
26
17
2
10
43
3
12
7
49
10
475
329
100
341
30
58
26
71
34
65
198
224
27
29
376
28
97
73
421
53
36
35
20
16
2
7
9
17
12
17
20
16
1
4
28
7
6
8
21
8
138
94
39
70
19
17
20
21
17
36
49
45
2
15
118
11
35
20
127
35
104
74
27
70
7
14
22
20
21
22
42
46
5
14
56
6
31
16
76
10
758
268
86
256
45
39
30
52
42
130
168
201
16
60
550
45
86
68
915
64
85
40
23
32
8
8
8
32
10
20
38
23
2
17
46
5
24
10
68
13
