532
398
137
316
28
59
74
149
64
118
280
174
12
50
474
34
145
122
555
68
435
250
85
226
19
36
36
92
51
73
174
97
10
32
290
20
102
68
369
47
105
104
30
80
6
13
23
53
13
33
56
40
3
8
72
11
38
25
128
18
269
281
76
305
5
47
22
68
35
50
149
169
11
36
233
19
68
62
283
32
62
31
9
26
9
5
11
18
8
9
18
16
3
4
36
5
6
6
36
5
42
51
21
43
4
8
5
20
8
11
30
32
1
6
40
2
18
6
50
4
52
46
29
13
8
3
18
38
17
19
31
19
3
12
27
7
22
17
43
18
165
73
48
70
18
21
30
93
21
48
58
46
2
25
68
19
54
43
92
34
74
41
17
25
6
11
11
35
7
23
27
19
6
10
30
5
19
13
39
8
128
74
28
67
10
9
23
65
19
39
55
38
4
14
71
15
28
28
88
19
269
159
65
117
16
33
33
86
28
67
113
85
6
22
141
25
46
55
185
40
157
162
38
140
11
21
19
48
19
35
101
94
11
13
155
6
54
48
188
18
14
14
4
4
1
1
2
5
1
4
5
8
2
1
18
0
4
1
17
4
70
31
21
21
10
6
11
13
7
15
23
15
1
10
42
3
19
14
38
8
423
295
84
341
17
41
27
75
27
57
165
215
15
31
324
20
96
87
372
47
30
28
9
21
3
7
9
21
6
18
23
14
2
7
20
4
4
7
17
8
151
94
37
66
14
17
25
26
14
28
53
30
2
15
103
12
35
24
117
31
94
84
34
73
10
16
19
30
20
24
32
53
1
16
64
5
35
14
83
15
668
259
74
233
30
44
33
67
48
131
168
154
14
54
524
40
81
72
817
52
72
46
19
39
7
5
11
26
13
21
32
21
1
13
32
7
27
14
68
12
