546
397
119
318
18
60
63
138
57
118
253
186
15
47
479
36
129
112
631
70
406
219
78
211
26
33
30
78
39
66
156
111
4
25
330
30
88
69
358
48
84
98
22
79
3
13
13
36
13
22
49
49
5
11
76
7
34
26
119
17
278
287
65
321
6
54
17
58
34
59
142
184
11
32
232
21
78
64
307
36
46
23
2
41
7
5
3
12
4
9
14
18
2
4
38
6
11
7
36
2
52
48
20
43
3
5
8
24
4
8
37
24
3
2
42
4
9
9
48
5
30
33
12
13
4
4
9
28
12
13
24
16
3
9
25
3
10
8
45
12
141
63
32
58
16
26
23
55
17
27
53
45
4
26
57
26
39
29
81
31
80
26
16
28
5
11
9
30
6
14
26
13
2
8
31
10
18
7
35
6
117
66
19
67
7
8
14
61
16
41
55
37
4
14
76
16
20
22
89
15
239
157
48
123
18
34
22
76
28
57
104
87
5
16
152
20
39
43
187
38
181
172
46
142
10
21
15
42
27
31
93
107
6
9
176
8
39
42
208
26
13
8
1
10
1
3
1
5
0
3
5
8
2
2
19
0
4
5
11
5
62
24
18
15
5
7
6
14
8
15
20
15
4
9
41
3
21
7
52
8
462
299
106
371
18
46
25
55
22
59
177
221
17
30
344
24
88
75
414
41
30
31
14
21
3
8
9
18
11
16
22
14
1
6
31
4
8
6
24
5
124
96
25
63
8
13
11
22
12
30
51
40
2
14
90
12
24
11
118
20
97
68
29
72
6
10
6
14
15
24
36
44
3
19
53
6
23
14
80
8
755
265
92
257
30
37
23
60
41
139
147
162
12
60
568
40
86
65
913
50
75
37
17
38
5
4
6
23
15
15
31
21
2
11
39
6
22
8
67
8
