607
423
116
342
26
64
64
167
72
121
300
196
13
52
515
31
152
117
614
72
453
255
79
233
26
41
29
91
45
69
196
109
3
32
385
32
99
78
379
40
96
96
32
77
2
11
21
39
18
19
57
43
7
13
79
7
42
19
105
18
285
319
63
327
8
61
12
53
43
58
140
184
14
30
243
26
73
72
310
36
54
41
6
33
3
3
6
13
4
9
14
19
2
4
38
4
9
4
46
2
59
49
17
56
3
10
5
23
9
10
27
29
3
7
49
3
16
10
62
4
50
31
17
18
6
4
14
27
8
13
29
18
4
5
34
6
21
12
40
15
158
74
37
61
12
20
29
74
19
33
67
50
4
28
61
18
40
34
79
25
76
46
17
29
6
13
9
19
3
26
29
18
7
9
31
4
15
12
35
6
128
72
27
66
12
11
20
56
15
36
51
45
3
17
81
15
27
25
96
22
281
185
58
137
17
33
28
99
25
70
134
76
7
29
184
24
47
49
181
32
193
181
36
157
10
25
15
43
21
42
112
104
10
7
188
5
49
36
192
22
15
18
3
10
1
1
2
4
0
4
8
6
1
1
16
2
5
5
14
5
72
36
14
22
5
3
11
13
8
26
31
12
2
9
37
2
12
8
49
12
466
359
100
384
21
64
25
69
34
70
189
233
20
37
386
22
103
78
415
52
30
23
14
14
3
5
8
16
8
15
22
17
1
4
30
8
1
6
27
8
131
95
34
58
12
15
21
22
14
34
50
50
2
25
107
9
36
14
119
23
96
78
21
67
9
12
19
16
17
20
42
45
5
13
64
4
24
14
76
12
748
263
89
241
34
49
24
60
40
133
159
181
14
54
556
36
92
52
875
52
82
46
23
30
7
8
10
20
7
17
40
16
1
8
48
3
16
12
62
7
