564
387
118
315
27
59
61
160
66
115
280
180
12
54
501
40
125
114
611
63
412
209
71
203
21
34
23
73
51
70
153
112
6
23
350
27
93
62
399
32
88
101
29
84
3
17
18
43
14
22
61
35
5
12
88
10
40
19
111
15
259
298
70
304
8
52
17
65
33
48
146
159
7
31
238
13
80
66
302
31
44
25
7
30
3
4
7
16
5
9
21
19
0
4
41
3
10
3
37
4
58
49
16
45
3
8
6
17
7
8
30
29
2
2
49
5
16
11
54
4
55
37
17
18
6
1
16
24
5
12
23
18
2
8
26
2
15
11
45
13
155
58
38
53
14
20
25
74
18
40
60
44
4
23
57
16
43
31
93
28
65
31
10
22
2
14
15
24
3
19
30
24
2
10
24
7
21
9
34
14
118
64
28
55
8
11
17
57
15
30
44
27
5
20
91
7
20
27
94
20
271
157
60
115
17
29
24
95
27
64
106
101
9
16
164
22
36
53
193
41
186
150
49
173
10
23
10
43
18
38
90
108
3
9
180
5
46
43
203
9
15
5
5
8
1
0
1
3
1
3
7
9
1
1
10
1
4
3
10
2
63
27
13
26
4
3
9
9
6
18
26
14
3
6
43
4
17
6
40
9
453
315
105
361
19
56
23
66
34
67
210
242
14
34
353
25
89
67
409
44
38
25
9
13
2
7
5
12
8
12
18
15
0
6
24
5
5
6
25
7
133
106
28
61
11
14
22
19
11
19
54
27
3
12
98
6
26
22
109
16
92
76
27
67
5
12
17
22
14
16
41
40
1
13
62
4
21
9
75
10
741
274
97
253
32
48
32
55
36
132
166
172
10
52
554
35
78
59
854
61
65
43
20
28
5
10
6
17
8
18
34
21
2
10
39
5
18
9
63
5
