512
389
111
287
22
61
54
144
70
106
237
161
10
44
447
30
131
107
534
64
402
196
61
183
18
33
25
65
40
65
151
88
5
27
318
27
88
53
341
41
76
93
22
73
5
10
19
41
13
14
50
44
7
10
78
6
38
28
96
13
237
282
63
278
5
53
12
55
31
53
134
147
8
21
214
19
53
46
272
33
50
25
3
39
5
2
3
17
6
7
14
17
0
2
35
4
8
7
41
3
54
42
12
44
4
7
5
18
7
9
28
26
2
2
33
4
15
10
47
4
49
39
16
15
4
2
10
26
9
10
19
11
2
12
22
4
11
7
38
10
131
51
37
53
9
17
24
59
14
34
54
39
6
23
62
22
42
31
74
28
67
29
14
26
5
11
11
26
2
15
25
15
4
7
33
5
14
8
39
7
112
61
28
55
9
8
12
55
13
27
39
30
4
12
71
8
20
26
94
16
238
130
51
114
13
30
26
73
26
53
94
82
5
20
144
12
34
44
149
27
166
146
40
134
8
16
12
28
18
30
75
81
5
12
157
7
43
43
169
14
16
9
3
8
1
0
2
4
0
4
6
8
0
0
10
2
4
3
10
3
64
26
12
23
4
2
7
12
6
21
19
11
1
4
37
2
14
7
39
9
419
273
95
302
27
53
21
54
26
68
167
208
18
37
326
20
81
71
381
35
30
23
15
17
3
3
7
13
7
15
19
11
0
4
18
4
5
8
17
3
115
84
30
59
17
14
17
26
12
26
37
31
4
13
87
11
29
18
95
21
80
65
27
68
6
11
13
18
18
20
37
35
3
12
59
3
19
14
70
10
661
239
79
213
26
40
28
54
38
108
130
148
9
48
504
29
75
57
777
52
59
42
21
27
6
3
8
22
7
16
30
13
1
11
33
3
28
6
54
11
