-0.314814814814815
-0.514814814814815
-0.835802469135802
-0.634567901234568
-0.971604938271605
-0.923456790123457
-0.919753086419753
-0.802469135802469
-0.922222222222222
-0.85679012345679
-0.634567901234568
-0.787654320987654
-0.988888888888889
-0.945679012345679
-0.391358024691358
-0.953086419753086
-0.830864197530864
-0.85679012345679
-0.227160493827161
-0.908641975308642
-0.445679012345679
-0.712345679012346
-0.919753086419753
-0.744444444444444
-0.967901234567901
-0.965432098765432
-0.961728395061728
-0.891358024691358
-0.945679012345679
-0.903703703703704
-0.803703703703704
-0.871604938271605
-0.995061728395062
-0.951851851851852
-0.571604938271605
-0.969135802469136
-0.87037037037037
-0.906172839506173
-0.534567901234568
-0.953086419753086
-0.876543209876543
-0.871604938271605
-0.964197530864198
-0.908641975308642
-0.996296296296296
-0.982716049382716
-0.976543209876543
-0.948148148148148
-0.983950617283951
-0.967901234567901
-0.928395061728395
-0.950617283950617
-0.992592592592593
-0.990123456790123
-0.893827160493827
-0.990123456790123
-0.954320987654321
-0.975308641975309
-0.846913580246914
-0.980246913580247
-0.693827160493827
-0.638271604938272
-0.912345679012346
-0.649382716049383
-0.991358024691358
-0.94320987654321
-0.976543209876543
-0.916049382716049
-0.950617283950617
-0.945679012345679
-0.82962962962963
-0.798765432098765
-0.993827160493827
-0.965432098765432
-0.709876543209877
-0.982716049382716
-0.902469135802469
-0.901234567901235
-0.661728395061728
-0.962962962962963
-0.941975308641975
-0.95679012345679
-0.990123456790123
-0.967901234567901
-0.998765432098765
-0.997530864197531
-0.988888888888889
-0.980246913580247
-0.995061728395062
-0.987654320987654
-0.979012345679012
-0.976543209876543
-0.998765432098765
-0.992592592592593
-0.954320987654321
-0.995061728395062
-0.985185185185185
-0.995061728395062
-0.953086419753086
-0.996296296296296
-0.925925925925926
-0.923456790123457
-0.977777777777778
-0.948148148148148
-0.996296296296296
-0.995061728395062
-0.996296296296296
-0.977777777777778
-0.995061728395062
-0.996296296296296
-0.971604938271605
-0.962962962962963
-0.995061728395062
-0.997530864197531
-0.948148148148148
-0.998765432098765
-0.98641975308642
-0.987654320987654
-0.939506172839506
-0.992592592592593
-0.948148148148148
-0.955555555555556
-0.97037037037037
-0.987654320987654
-0.992592592592593
-0.997530864197531
-0.977777777777778
-0.962962962962963
-0.981481481481482
-0.980246913580247
-0.958024691358025
-0.979012345679012
-0.997530864197531
-0.98641975308642
-0.965432098765432
-0.996296296296296
-0.983950617283951
-0.982716049382716
-0.940740740740741
-0.981481481481482
-0.795061728395062
-0.904938271604938
-0.940740740740741
-0.916049382716049
-0.979012345679012
-0.971604938271605
-0.97037037037037
-0.901234567901235
-0.975308641975309
-0.955555555555556
-0.919753086419753
-0.937037037037037
-0.993827160493827
-0.965432098765432
-0.92716049382716
-0.977777777777778
-0.935802469135802
-0.944444444444444
-0.874074074074074
-0.961728395061728
-0.916049382716049
-0.950617283950617
-0.983950617283951
-0.971604938271605
-0.993827160493827
-0.987654320987654
-0.98641975308642
-0.959259259259259
-0.993827160493827
-0.977777777777778
-0.97283950617284
-0.971604938271605
-0.998765432098765
-0.990123456790123
-0.965432098765432
-0.996296296296296
-0.980246913580247
-0.98641975308642
-0.948148148148148
-0.991358024691358
-0.82962962962963
-0.91358024691358
-0.97037037037037
-0.92716049382716
-0.988888888888889
-0.988888888888889
-0.974074074074074
-0.920987654320988
-0.981481481481482
-0.950617283950617
-0.953086419753086
-0.950617283950617
-0.998765432098765
-0.975308641975309
-0.904938271604938
-0.983950617283951
-0.967901234567901
-0.965432098765432
-0.883950617283951
-0.974074074074074
-0.690123456790123
-0.782716049382716
-0.92962962962963
-0.854320987654321
-0.975308641975309
-0.960493827160494
-0.965432098765432
-0.885185185185185
-0.965432098765432
-0.904938271604938
-0.854320987654321
-0.892592592592593
-0.988888888888889
-0.976543209876543
-0.808641975308642
-0.967901234567901
-0.945679012345679
-0.935802469135802
-0.790123456790123
-0.951851851851852
-0.796296296296296
-0.8
-0.948148148148148
-0.802469135802469
-0.990123456790123
-0.97037037037037
-0.981481481481482
-0.930864197530864
-0.977777777777778
-0.951851851851852
-0.880246913580247
-0.877777777777778
-0.991358024691358
-0.988888888888889
-0.798765432098765
-0.990123456790123
-0.938271604938272
-0.945679012345679
-0.769135802469136
-0.975308641975309
-0.985185185185185
-0.983950617283951
-0.998765432098765
-0.988888888888889
-1
-1
-0.997530864197531
-0.997530864197531
-1
-0.998765432098765
-0.992592592592593
-0.988888888888889
-0.998765432098765
-0.998765432098765
-0.985185185185185
-1
-0.997530864197531
-0.997530864197531
-0.988888888888889
-0.996296296296296
-0.918518518518519
-0.967901234567901
-0.980246913580247
-0.971604938271605
-0.991358024691358
-0.993827160493827
-0.985185185185185
-0.983950617283951
-0.992592592592593
-0.976543209876543
-0.966666666666667
-0.983950617283951
-0.998765432098765
-0.993827160493827
-0.94320987654321
-0.997530864197531
-0.981481481481482
-0.990123456790123
-0.938271604938272
-0.987654320987654
-0.450617283950617
-0.625925925925926
-0.88641975308642
-0.550617283950617
-0.982716049382716
-0.92962962962963
-0.97037037037037
-0.906172839506173
-0.962962962962963
-0.919753086419753
-0.75679012345679
-0.738271604938272
-0.982716049382716
-0.945679012345679
-0.550617283950617
-0.962962962962963
-0.866666666666667
-0.908641975308642
-0.518518518518519
-0.935802469135802
-0.958024691358025
-0.971604938271605
-0.987654320987654
-0.985185185185185
-0.997530864197531
-0.993827160493827
-0.988888888888889
-0.97283950617284
-0.991358024691358
-0.982716049382716
-0.971604938271605
-0.980246913580247
-1
-0.997530864197531
-0.961728395061728
-0.998765432098765
-0.995061728395062
-0.988888888888889
-0.979012345679012
-0.992592592592593
-0.812345679012346
-0.869135802469136
-0.961728395061728
-0.92962962962963
-0.988888888888889
-0.983950617283951
-0.977777777777778
-0.97037037037037
-0.983950617283951
-0.958024691358025
-0.935802469135802
-0.951851851851852
-0.998765432098765
-0.981481481481482
-0.858024691358025
-0.987654320987654
-0.965432098765432
-0.97283950617284
-0.855555555555556
-0.975308641975309
-0.866666666666667
-0.892592592592593
-0.961728395061728
-0.908641975308642
-0.993827160493827
-0.98641975308642
-0.977777777777778
-0.961728395061728
-0.985185185185185
-0.974074074074074
-0.944444444444444
-0.944444444444444
-0.997530864197531
-0.979012345679012
-0.922222222222222
-0.993827160493827
-0.962962962962963
-0.982716049382716
-0.907407407407407
-0.982716049382716
-0.11358024691358
-0.677777777777778
-0.888888888888889
-0.711111111111111
-0.955555555555556
-0.945679012345679
-0.960493827160494
-0.909876543209877
-0.950617283950617
-0.838271604938272
-0.81358024691358
-0.783950617283951
-0.983950617283951
-0.932098765432099
-0.339506172839506
-0.961728395061728
-0.891358024691358
-0.91358024691358
-0.00123456790123455
-0.924691358024691
-0.906172839506173
-0.955555555555556
-0.964197530864198
-0.962962962962963
-0.991358024691358
-0.991358024691358
-0.992592592592593
-0.967901234567901
-0.987654320987654
-0.976543209876543
-0.95679012345679
-0.97283950617284
-1
-0.988888888888889
-0.945679012345679
-0.991358024691358
-0.97037037037037
-0.987654320987654
-0.916049382716049
-0.992592592592593
