568
408
123
356
25
59
65
161
58
127
315
204
15
50
521
39
142
124
626
72
460
263
74
231
31
37
32
88
45
77
173
108
7
33
371
28
92
65
406
49
102
100
32
79
7
14
18
40
19
18
62
56
7
8
84
10
35
19
124
20
291
335
77
380
11
56
13
65
38
64
153
175
11
30
240
24
88
68
312
37
55
41
6
29
3
5
7
11
8
9
21
22
2
5
33
1
12
6
33
3
48
52
16
44
3
5
5
27
8
10
33
31
4
4
45
4
17
8
45
8
50
38
19
18
5
2
17
31
13
15
24
26
5
9
23
6
16
12
45
17
162
68
38
61
14
21
28
71
19
37
67
46
3
22
63
22
41
39
77
31
69
42
14
34
8
9
13
25
6
23
20
21
4
11
23
7
19
10
37
6
144
71
25
68
8
8
22
58
17
39
56
36
5
18
89
15
26
29
96
18
284
174
53
133
19
31
29
80
29
66
108
95
9
23
172
23
44
54
176
38
182
187
46
166
11
27
21
51
22
41
86
111
10
4
187
11
51
50
201
18
16
18
4
8
0
0
4
4
0
4
7
12
1
1
19
1
5
4
13
3
72
35
15
25
5
4
12
17
7
24
23
19
2
5
39
3
6
6
46
13
482
334
120
383
20
52
27
61
28
73
184
215
20
42
373
30
106
73
424
48
30
34
16
19
1
7
11
17
8
19
21
19
2
5
34
6
4
7
27
10
140
94
35
63
10
16
19
24
10
37
50
40
3
21
102
13
39
18
106
29
96
75
31
76
8
12
17
21
13
24
48
45
1
13
54
7
27
12
84
13
747
267
92
263
29
44
24
55
40
126
154
188
13
62
588
43
77
66
923
62
78
48
24
38
3
10
7
24
13
17
36
17
1
12
42
5
29
11
78
12
