498
369
125
296
27
63
63
145
61
114
252
171
13
51
463
36
138
119
580
63
409
244
69
195
26
36
34
86
44
64
167
98
6
31
292
26
96
58
353
46
87
89
28
78
6
10
18
47
17
23
52
42
4
13
78
10
40
23
106
14
234
290
62
285
7
58
11
58
28
50
142
157
5
28
217
19
60
53
268
31
56
39
5
31
4
6
5
14
4
10
23
13
0
5
35
3
10
4
38
3
53
51
16
45
2
3
7
17
10
11
32
26
2
1
46
4
18
8
56
4
50
42
23
19
6
3
15
35
9
12
33
16
3
9
32
3
19
8
34
15
162
58
33
54
16
26
33
75
17
41
57
44
3
29
68
16
42
32
94
31
68
43
19
22
6
11
13
26
6
18
32
21
3
9
28
6
19
9
34
6
126
62
19
56
6
8
17
62
20
35
47
26
7
13
83
9
26
23
97
15
258
153
56
108
16
34
26
88
30
61
93
82
6
21
148
21
49
51
168
37
167
152
39
123
12
23
14
50
22
38
93
82
8
13
163
6
49
44
170
18
11
10
3
3
1
1
3
6
1
3
6
9
0
0
14
1
5
5
12
3
63
32
19
21
2
4
12
13
9
17
17
19
2
9
39
2
15
10
53
15
437
285
92
321
21
56
29
61
31
63
187
207
18
41
316
24
97
72
385
39
30
27
10
16
1
4
7
14
6
10
23
17
0
4
30
3
6
11
25
4
139
94
33
57
15
7
30
28
15
32
48
42
1
20
91
13
27
16
101
18
92
74
29
76
6
9
15
22
14
27
38
33
4
11
50
5
19
16
71
15
657
230
89
227
30
45
25
64
46
120
138
168
11
56
551
37
77
58
835
54
66
48
22
35
7
8
9
20
9
9
28
15
2
9
42
5
22
11
62
9
