564
403
113
314
21
56
66
148
73
106
294
184
12
46
487
29
134
121
584
59
441
238
65
229
21
35
27
93
46
75
167
91
8
34
329
29
97
62
346
38
88
101
15
72
4
10
16
46
16
21
50
40
5
10
88
9
35
25
112
13
269
310
75
345
9
46
14
55
36
48
148
173
12
27
233
21
71
61
300
31
54
32
7
36
6
3
5
15
6
7
17
11
1
5
28
4
11
5
33
2
53
48
14
51
4
8
2
19
11
8
25
27
1
6
40
3
13
11
50
4
48
25
22
17
5
0
14
23
9
14
18
18
5
5
21
6
17
9
43
14
143
61
41
52
15
22
21
73
17
37
69
48
7
26
56
17
40
35
86
29
77
40
10
29
4
9
13
21
4
18
26
27
4
7
30
3
19
8
30
7
111
59
22
69
9
13
15
56
13
30
45
30
6
17
77
11
25
27
96
15
263
164
63
120
13
29
19
91
27
60
118
88
7
29
151
24
44
42
162
35
168
170
37
150
8
25
14
47
20
42
102
100
7
11
171
8
46
33
178
22
16
18
3
6
0
0
4
5
0
5
7
8
1
1
13
2
3
3
15
4
72
29
18
28
8
7
12
12
5
18
24
20
2
14
43
4
14
9
44
10
458
298
92
349
16
56
22
59
32
59
159
215
17
54
345
31
85
75
396
44
27
25
9
20
3
9
9
14
5
14
20
19
1
3
26
8
8
8
29
7
131
90
27
59
13
13
21
22
8
28
43
37
4
16
101
13
25
15
107
19
93
73
37
74
7
11
17
19
11
24
41
43
2
13
50
5
27
18
63
10
681
258
89
239
26
38
17
57
38
114
146
162
13
62
548
34
64
64
781
54
77
43
24
30
5
10
5
21
9
19
32
19
1
8
32
3
18
8
51
7
