568
398
114
310
27
54
61
144
68
106
274
190
16
48
492
36
124
114
581
76
430
244
65
214
20
34
30
72
50
70
176
109
10
26
328
24
84
77
393
46
86
99
30
81
3
14
17
34
14
17
57
48
6
9
77
10
38
22
109
11
236
303
63
309
8
50
12
65
33
64
143
175
11
35
238
22
62
52
305
32
53
31
4
38
3
4
7
10
3
10
11
17
3
3
33
4
6
3
46
3
57
59
19
43
3
7
6
18
2
7
33
28
4
1
32
4
15
8
46
5
45
35
17
16
7
4
16
24
14
10
25
18
4
10
28
5
15
8
37
16
154
60
39
52
13
19
24
72
20
35
60
41
6
20
62
20
40
37
77
30
68
34
16
25
5
12
11
33
6
21
24
15
4
10
35
6
14
13
42
6
128
58
26
64
11
9
20
52
21
35
43
36
6
16
84
8
24
20
95
18
247
174
60
126
12
33
24
85
32
61
98
84
5
16
169
27
49
49
168
38
188
163
40
150
7
25
16
43
15
32
85
98
8
10
176
7
47
57
191
20
14
17
5
9
1
2
3
5
1
5
10
10
1
1
18
1
5
4
13
5
61
31
16
21
3
5
9
16
6
15
20
13
2
4
48
3
8
7
52
11
452
331
99
353
23
51
24
72
27
67
211
217
20
35
369
19
86
60
392
46
32
28
12
19
2
4
8
19
9
22
19
15
1
5
33
8
4
6
18
6
127
78
30
58
7
13
14
21
16
33
42
37
4
16
84
9
27
20
109
23
104
70
27
71
8
13
16
21
14
22
43
34
3
10
49
8
27
14
73
14
698
258
87
233
34
42
28
53
38
131
147
180
16
64
556
44
75
62
851
53
67
47
19
33
4
5
8
22
11
12
37
16
2
13
48
5
26
10
71
14
