584
428
116
342
23
53
65
157
65
114
300
207
19
54
513
41
144
118
609
81
461
252
65
231
24
32
31
100
46
82
191
106
7
34
342
29
105
78
403
44
97
120
30
79
1
14
24
37
11
27
57
41
8
9
78
9
39
30
119
15
266
327
78
336
11
56
19
64
35
67
155
176
15
41
260
24
79
72
317
44
58
32
8
31
5
3
8
18
5
11
17
18
1
7
35
5
11
4
42
2
48
56
17
53
3
6
3
21
7
5
24
29
4
4
40
3
14
12
44
4
47
34
24
13
8
2
11
24
7
12
31
13
3
7
27
7
10
13
52
16
164
66
49
65
14
18
17
65
21
43
57
57
7
18
60
17
54
37
83
27
66
41
16
26
5
11
8
26
6
16
27
18
3
10
35
6
14
9
39
10
136
67
30
74
16
9
16
62
21
35
44
30
4
19
76
13
23
30
97
21
274
164
65
149
18
29
28
84
26
61
120
95
9
22
163
24
55
56
180
40
183
185
34
176
9
23
17
47
17
39
100
100
4
11
177
6
53
45
210
17
16
17
6
8
2
2
3
6
0
4
7
15
1
2
15
2
2
1
13
3
80
37
17
28
9
4
10
17
8
18
21
21
2
11
40
4
14
9
42
11
471
324
93
371
18
53
22
70
26
73
198
238
21
37
359
22
99
75
429
49
35
34
13
21
2
7
8
14
12
15
18
14
1
7
33
8
6
7
23
7
145
108
37
56
12
13
17
23
13
33
49
36
4
16
104
8
27
25
127
28
105
78
30
84
6
15
20
27
16
25
40
47
3
19
68
8
29
19
69
14
737
261
98
268
36
41
26
50
40
122
164
173
9
61
577
43
92
75
895
67
83
43
25
34
8
7
8
28
10
22
44
21
1
14
48
6
17
12
68
12
