0.660421545667447
0.453161592505855
0.138173302107728
0.368852459016393
0.031615925058548
0.0690866510538642
0.0714285714285714
0.187353629976581
0.0772833723653396
0.134660421545667
0.327868852459016
0.210772833723653
0.0140515222482436
0.063231850117096
0.586651053864169
0.0468384074941452
0.146370023419204
0.133489461358314
0.715456674473068
0.0737704918032787
0.482435597189696
0.244730679156909
0.0831381733021077
0.237704918032787
0.0245901639344262
0.0398126463700234
0.0269320843091335
0.085480093676815
0.0597189695550351
0.0819672131147541
0.179156908665105
0.131147540983607
0.00702576112412178
0.0269320843091335
0.409836065573771
0.031615925058548
0.108899297423888
0.0725995316159251
0.467213114754098
0.0374707259953162
0.103044496487119
0.118266978922717
0.0339578454332553
0.0983606557377049
0.00351288056206089
0.0199063231850117
0.0210772833723653
0.0503512880562061
0.0163934426229508
0.0257611241217799
0.0714285714285714
0.040983606557377
0.00585480093676815
0.0140515222482436
0.103044496487119
0.0117096018735363
0.0468384074941452
0.022248243559719
0.129976580796253
0.0175644028103044
0.30327868852459
0.348946135831382
0.0819672131147541
0.355971896955504
0.00936768149882904
0.0608899297423888
0.0199063231850117
0.0761124121779859
0.0386416861826698
0.0562060889929742
0.17096018735363
0.186182669789227
0.00819672131147541
0.0362997658079625
0.278688524590164
0.0152224824355972
0.0936768149882904
0.0772833723653396
0.353629976580796
0.0362997658079625
0.0515222482435597
0.0292740046838408
0.00819672131147541
0.0351288056206089
0.00351288056206089
0.00468384074941452
0.00819672131147541
0.0187353629976581
0.00585480093676815
0.0105386416861827
0.0245901639344262
0.022248243559719
0
0.00468384074941452
0.0480093676814988
0.00351288056206089
0.0117096018735363
0.00351288056206089
0.0433255269320843
0.00468384074941452
0.0679156908665105
0.0573770491803279
0.0187353629976581
0.0526932084309134
0.00351288056206089
0.00936768149882904
0.00702576112412178
0.0199063231850117
0.00819672131147541
0.00936768149882904
0.0351288056206089
0.0339578454332553
0.00234192037470726
0.00234192037470726
0.0573770491803279
0.00585480093676815
0.0187353629976581
0.0128805620608899
0.063231850117096
0.00468384074941452
0.0644028103044497
0.0433255269320843
0.0199063231850117
0.0210772833723653
0.00702576112412178
0.00117096018735363
0.0187353629976581
0.0281030444964871
0.00585480093676815
0.0140515222482436
0.0269320843091335
0.0210772833723653
0.00234192037470726
0.00936768149882904
0.0304449648711944
0.00234192037470726
0.0175644028103044
0.0128805620608899
0.0526932084309134
0.0152224824355972
0.181498829039813
0.0679156908665105
0.0444964871194379
0.0620608899297424
0.0163934426229508
0.0234192037470726
0.0292740046838408
0.0866510538641686
0.0210772833723653
0.0468384074941452
0.0702576112412178
0.0515222482435597
0.00468384074941452
0.0269320843091335
0.0667447306791569
0.0187353629976581
0.0503512880562061
0.0362997658079625
0.108899297423888
0.0327868852459016
0.0761124121779859
0.0362997658079625
0.0117096018735363
0.0257611241217799
0.00234192037470726
0.0163934426229508
0.0175644028103044
0.0281030444964871
0.00351288056206089
0.022248243559719
0.0351288056206089
0.0281030444964871
0.00234192037470726
0.0117096018735363
0.0281030444964871
0.00819672131147541
0.0245901639344262
0.0105386416861827
0.0398126463700234
0.0163934426229508
0.138173302107728
0.0749414519906323
0.0327868852459016
0.0644028103044497
0.00936768149882904
0.0128805620608899
0.0199063231850117
0.0667447306791569
0.0175644028103044
0.0351288056206089
0.0515222482435597
0.031615925058548
0.00585480093676815
0.0234192037470726
0.10655737704918
0.00819672131147541
0.0234192037470726
0.031615925058548
0.110070257611241
0.0234192037470726
0.317330210772834
0.18384074941452
0.0702576112412178
0.134660421545667
0.0199063231850117
0.0339578454332553
0.0281030444964871
0.111241217798595
0.031615925058548
0.0749414519906323
0.124121779859485
0.118266978922717
0.0105386416861827
0.0187353629976581
0.192037470725995
0.0257611241217799
0.0421545667447307
0.0620608899297424
0.225995316159251
0.0480093676814988
0.217798594847775
0.175644028103044
0.0573770491803279
0.202576112412178
0.0117096018735363
0.0269320843091335
0.0117096018735363
0.0503512880562061
0.0210772833723653
0.0444964871194379
0.105386416861827
0.126463700234192
0.00351288056206089
0.0105386416861827
0.210772833723653
0.00585480093676815
0.053864168618267
0.0503512880562061
0.237704918032787
0.0105386416861827
0.0175644028103044
0.00585480093676815
0.00585480093676815
0.00936768149882904
0.00117096018735363
0
0.00117096018735363
0.00351288056206089
0.00117096018735363
0.00351288056206089
0.00819672131147541
0.0105386416861827
0.00117096018735363
0.00117096018735363
0.0117096018735363
0.00117096018735363
0.00468384074941452
0.00351288056206089
0.0117096018735363
0.00234192037470726
0.0737704918032787
0.031615925058548
0.0152224824355972
0.0304449648711944
0.00468384074941452
0.00351288056206089
0.0105386416861827
0.0105386416861827
0.00702576112412178
0.0210772833723653
0.0304449648711944
0.0163934426229508
0.00351288056206089
0.00702576112412178
0.0503512880562061
0.00468384074941452
0.0199063231850117
0.00702576112412178
0.0468384074941452
0.0105386416861827
0.530444964871194
0.368852459016393
0.122950819672131
0.42271662763466
0.022248243559719
0.0655737704918033
0.0269320843091335
0.0772833723653396
0.0398126463700234
0.0784543325526932
0.245901639344262
0.283372365339578
0.0163934426229508
0.0398126463700234
0.413348946135831
0.0292740046838408
0.104215456674473
0.0784543325526932
0.478922716627635
0.0515222482435597
0.0444964871194379
0.0292740046838408
0.0105386416861827
0.0152224824355972
0.00234192037470726
0.00819672131147541
0.00585480093676815
0.0140515222482436
0.00936768149882904
0.0140515222482436
0.0210772833723653
0.0175644028103044
0
0.00702576112412178
0.0281030444964871
0.00585480093676815
0.00585480093676815
0.00702576112412178
0.0292740046838408
0.00819672131147541
0.155737704918033
0.124121779859485
0.0327868852459016
0.0714285714285714
0.0128805620608899
0.0163934426229508
0.0257611241217799
0.022248243559719
0.0128805620608899
0.022248243559719
0.063231850117096
0.031615925058548
0.00351288056206089
0.0140515222482436
0.114754098360656
0.00702576112412178
0.0304449648711944
0.0257611241217799
0.127634660421546
0.0187353629976581
0.107728337236534
0.0889929742388759
0.031615925058548
0.0784543325526932
0.00585480093676815
0.0140515222482436
0.0199063231850117
0.0257611241217799
0.0163934426229508
0.0187353629976581
0.0480093676814988
0.0468384074941452
0.00117096018735363
0.0152224824355972
0.0725995316159251
0.00468384074941452
0.0245901639344262
0.0105386416861827
0.0878220140515222
0.0117096018735363
0.86768149882904
0.320843091334895
0.113583138173302
0.296252927400468
0.0374707259953162
0.0562060889929742
0.0374707259953162
0.0644028103044497
0.0421545667447307
0.154566744730679
0.194379391100703
0.201405152224824
0.0117096018735363
0.0608899297423888
0.648711943793911
0.040983606557377
0.0913348946135831
0.0690866510538642
1
0.0714285714285714
0.0761124121779859
0.0503512880562061
0.0234192037470726
0.0327868852459016
0.00585480093676815
0.0117096018735363
0.00702576112412178
0.0199063231850117
0.00936768149882904
0.0210772833723653
0.0398126463700234
0.0245901639344262
0.00234192037470726
0.0117096018735363
0.0456674473067916
0.00585480093676815
0.0210772833723653
0.0105386416861827
0.0737704918032787
0.00585480093676815
