0.660881174899867
0.488651535380507
0.144192256341789
0.369826435246996
0.0320427236315087
0.0774365821094793
0.0720961281708945
0.185580774365821
0.0841121495327103
0.134846461949266
0.328437917222964
0.222963951935915
0.0160213618157543
0.0627503337783712
0.592790387182911
0.0427236315086782
0.152202937249666
0.14018691588785
0.703604806408545
0.0947930574098798
0.552736982643525
0.308411214953271
0.0894526034712951
0.255006675567423
0.0320427236315087
0.0400534045393858
0.0360480640854473
0.100133511348465
0.0654205607476635
0.0881174899866489
0.190921228304406
0.138851802403204
0.00934579439252336
0.0320427236315087
0.42456608811749
0.0307076101468625
0.0987983978638184
0.0747663551401869
0.448598130841121
0.048064085447263
0.0947930574098798
0.117489986648865
0.0387182910547397
0.0841121495327103
0.00534045393858478
0.0146862483311081
0.0226969292389853
0.0387182910547397
0.0120160213618158
0.0267022696929239
0.0694259012016021
0.0520694259012016
0.00934579439252336
0.00667556742323097
0.104138851802403
0.0146862483311081
0.0520694259012016
0.0307076101468625
0.132176234979973
0.0226969292389853
0.309746328437917
0.356475300400534
0.0907877169559413
0.356475300400534
0.00667556742323097
0.0640854472630174
0.0240320427236315
0.0774365821094793
0.0507343124165554
0.0600801068090788
0.166889185580774
0.194926568758344
0.0120160213618158
0.0347129506008011
0.321762349799733
0.0240320427236315
0.0801068090787717
0.0640854472630174
0.359145527369826
0.0400534045393858
0.0654205607476635
0.0347129506008011
0.00801068090787717
0.041388518024032
0.0106809078771696
0.00534045393858478
0.0106809078771696
0.0173564753004005
0.00400534045393859
0.00667556742323097
0.0213618157543391
0.0213618157543391
0.00267022696929239
0.00534045393858478
0.048064085447263
0.00534045393858478
0.0106809078771696
0.00267022696929239
0.054739652870494
0.00267022696929239
0.0560747663551402
0.0627503337783712
0.0160213618157543
0.0560747663551402
0.00534045393858478
0.00534045393858478
0.00534045393858478
0.0226969292389853
0.00934579439252336
0.0106809078771696
0.0427236315086782
0.041388518024032
0.00400534045393859
0.00267022696929239
0.0467289719626168
0.00667556742323097
0.0186915887850467
0.0120160213618158
0.0667556742323097
0.00667556742323097
0.0507343124165554
0.0400534045393858
0.0226969292389853
0.0146862483311081
0.00801068090787717
0.00267022696929239
0.0173564753004005
0.0200267022696929
0.0106809078771696
0.0200267022696929
0.0373831775700935
0.0133511348464619
0.00133511348464619
0.0120160213618158
0.0373831775700935
0.00534045393858478
0.0146862483311081
0.0133511348464619
0.0467289719626168
0.0186915887850467
0.182910547396529
0.0867823765020027
0.0520694259012016
0.0747663551401869
0.0186915887850467
0.0267022696929239
0.0253671562082777
0.116154873164219
0.0253671562082777
0.0440587449933244
0.0680907877169559
0.0600801068090788
0.00534045393858478
0.0347129506008011
0.0734312416555407
0.0253671562082777
0.0347129506008011
0.041388518024032
0.096128170894526
0.0267022696929239
0.0814419225634179
0.0453938584779706
0.0146862483311081
0.0333778371161549
0.00667556742323097
0.0186915887850467
0.00667556742323097
0.0347129506008011
0.00267022696929239
0.0280373831775701
0.0307076101468625
0.0226969292389853
0.00534045393858478
0.0146862483311081
0.0387182910547397
0.00667556742323097
0.0173564753004005
0.0120160213618158
0.0600801068090788
0.00667556742323097
0.154873164218959
0.0907877169559413
0.0240320427236315
0.0801068090787717
0.0133511348464619
0.0120160213618158
0.0173564753004005
0.0640854472630174
0.0173564753004005
0.0534045393858478
0.061415220293725
0.0373831775700935
0.00534045393858478
0.0200267022696929
0.0947930574098798
0.0133511348464619
0.0347129506008011
0.0320427236315087
0.110814419225634
0.0267022696929239
0.320427236315087
0.201602136181575
0.0694259012016021
0.164218958611482
0.0173564753004005
0.0440587449933244
0.0320427236315087
0.121495327102804
0.0347129506008011
0.0801068090787717
0.142857142857143
0.109479305740988
0.00133511348464619
0.0280373831775701
0.20694259012016
0.0280373831775701
0.0520694259012016
0.0507343124165554
0.212283044058745
0.0347129506008011
0.221628838451268
0.192256341789052
0.0467289719626168
0.196261682242991
0.00667556742323097
0.0293724966622163
0.0173564753004005
0.048064085447263
0.0240320427236315
0.0440587449933244
0.133511348464619
0.129506008010681
0.0106809078771696
0.0160213618157543
0.204272363150868
0.00667556742323097
0.0600801068090788
0.0440587449933244
0.240320427236315
0.0240320427236315
0.0213618157543391
0.0133511348464619
0.00667556742323097
0.0120160213618158
0.00133511348464619
0.00133511348464619
0.00133511348464619
0.00400534045393859
0.00133511348464619
0.00534045393858478
0.00534045393858478
0.0106809078771696
0.00267022696929239
0.00133511348464619
0.0160213618157543
0
0.00667556742323097
0.00133511348464619
0.0226969292389853
0.00267022696929239
0.096128170894526
0.0293724966622163
0.0186915887850467
0.0253671562082777
0.00801068090787717
0.00400534045393859
0.0106809078771696
0.0133511348464619
0.0106809078771696
0.0226969292389853
0.0307076101468625
0.0133511348464619
0.00267022696929239
0.00934579439252336
0.0574098798397864
0.00534045393858478
0.0226969292389853
0.0106809078771696
0.054739652870494
0.0106809078771696
0.530040053404539
0.415220293724967
0.114819759679573
0.432576769025367
0.0213618157543391
0.0680907877169559
0.0253671562082777
0.0680907877169559
0.0253671562082777
0.0827770360480641
0.268357810413885
0.293724966622163
0.0186915887850467
0.0387182910547397
0.456608811748999
0.0280373831775701
0.101468624833111
0.0854472630173565
0.518024032042724
0.0440587449933244
0.0333778371161549
0.0293724966622163
0.0133511348464619
0.0253671562082777
0.00667556742323097
0.0106809078771696
0.00400534045393859
0.0253671562082777
0.0106809078771696
0.0173564753004005
0.0267022696929239
0.0173564753004005
0
0.0106809078771696
0.0293724966622163
0.00934579439252336
0.00400534045393859
0.00934579439252336
0.0293724966622163
0.00801068090787717
0.17890520694259
0.116154873164219
0.0293724966622163
0.0560747663551402
0.00934579439252336
0.0120160213618158
0.0173564753004005
0.0280373831775701
0.0200267022696929
0.0226969292389853
0.0560747663551402
0.0400534045393858
0.00267022696929239
0.0186915887850467
0.121495327102804
0.0106809078771696
0.0293724966622163
0.0186915887850467
0.125500667556742
0.0267022696929239
0.110814419225634
0.0867823765020027
0.0280373831775701
0.0774365821094793
0.00534045393858478
0.00934579439252336
0.0200267022696929
0.0347129506008011
0.0186915887850467
0.0253671562082777
0.0427236315086782
0.0467289719626168
0.00534045393858478
0.0160213618157543
0.0600801068090788
0.00667556742323097
0.0320427236315087
0.0133511348464619
0.0774365821094793
0.0146862483311081
0.833110814419226
0.31241655540721
0.100133511348465
0.303070761014686
0.0387182910547397
0.0520694259012016
0.0293724966622163
0.0667556742323097
0.0507343124165554
0.173564753004005
0.188251001335113
0.213618157543391
0.0226969292389853
0.0814419225634179
0.656875834445928
0.0453938584779706
0.105473965287049
0.0654205607476635
1
0.0574098798397864
0.0814419225634179
0.0467289719626168
0.0280373831775701
0.0400534045393858
0.00400534045393859
0.00400534045393859
0.0120160213618158
0.0320427236315087
0.00934579439252336
0.0186915887850467
0.0427236315086782
0.0160213618157543
0
0.0120160213618158
0.0560747663551402
0.00667556742323097
0.0226969292389853
0.0133511348464619
0.0680907877169559
0.0106809078771696
