544
382
122
323
22
56
63
144
68
98
277
167
15
47
508
35
145
116
599
76
428
255
74
221
25
32
20
92
44
71
160
106
8
25
317
30
102
59
367
52
80
94
33
83
5
16
20
47
10
20
55
56
3
10
85
6
35
28
102
14
262
271
87
296
5
62
20
60
39
53
169
180
10
42
228
19
63
58
300
40
56
37
4
34
8
2
8
17
3
8
9
16
1
5
27
4
12
5
38
5
50
56
16
47
2
7
4
21
8
12
32
34
3
6
45
4
12
12
49
3
54
31
12
18
4
4
10
21
9
13
30
14
3
11
25
4
16
8
39
13
148
69
37
50
17
21
20
64
24
38
58
45
6
22
78
20
47
27
88
30
86
35
17
25
3
8
11
31
6
21
31
18
4
6
32
1
14
10
37
7
123
75
20
57
8
9
16
61
16
30
41
37
4
11
80
14
20
23
100
15
272
158
64
130
16
33
30
85
21
61
108
92
7
23
156
19
42
45
196
39
167
175
40
157
13
25
14
43
22
31
108
111
7
12
167
8
46
43
202
16
15
12
3
8
2
2
1
4
1
5
8
9
1
1
15
0
4
5
14
4
71
39
13
16
8
6
4
9
7
19
27
18
3
11
38
4
15
12
50
9
446
314
101
353
16
59
28
66
28
70
181
216
18
36
353
20
106
84
406
46
31
21
10
18
3
7
5
15
8
16
20
15
2
6
32
4
5
8
18
6
125
105
24
63
14
13
18
26
14
31
45
45
3
18
106
10
30
11
110
25
87
68
28
77
4
14
11
25
21
24
43
42
4
17
54
2
23
14
59
13
709
257
86
254
26
42
27
57
42
124
161
167
12
59
566
41
81
58
873
51
69
46
16
38
7
7
9
21
12
17
37
21
1
12
42
5
25
9
69
13
