566
380
120
317
28
62
55
151
73
120
265
176
16
53
491
40
120
113
629
69
416
247
76
204
22
39
28
82
42
74
160
124
4
27
322
25
87
70
391
39
90
90
31
77
4
20
13
40
17
23
62
49
5
6
76
11
37
17
118
11
251
312
72
314
10
58
16
62
39
54
156
152
8
23
236
22
71
65
307
34
48
26
4
29
3
5
11
11
6
12
26
18
2
3
34
2
9
5
42
3
52
60
15
48
1
9
8
25
7
6
30
34
4
3
45
4
19
7
59
5
47
34
15
12
5
2
17
32
11
12
35
15
2
11
22
5
12
7
37
17
162
67
39
58
7
22
28
70
17
48
61
48
2
29
61
25
47
38
88
32
70
35
14
27
6
10
10
34
5
16
24
18
3
10
35
9
18
8
45
8
123
71
24
66
7
12
14
59
17
43
49
33
3
11
80
9
28
20
104
20
236
163
59
119
16
36
26
92
33
62
108
93
11
18
166
25
42
56
188
38
185
168
42
168
9
29
14
46
19
32
96
113
6
11
168
5
43
50
211
20
15
12
1
6
2
0
3
3
0
2
7
10
1
1
14
2
5
4
11
4
58
31
11
20
5
5
7
15
8
14
23
15
2
4
46
2
8
7
51
9
466
307
103
363
23
49
28
70
24
57
195
238
17
33
337
25
89
63
410
45
36
35
16
10
1
4
10
14
10
21
23
20
0
5
31
4
3
8
20
7
117
93
29
61
10
12
17
24
17
34
40
38
0
11
99
9
23
20
109
25
93
70
24
71
7
14
12
24
15
19
41
37
3
13
59
7
17
12
76
12
757
247
86
266
38
48
28
68
36
130
155
187
14
59
578
41
86
50
902
56
72
45
18
33
4
8
5
28
9
14
34
20
2
10
48
6
27
8
61
11
