0.640605296343001
0.476670870113493
0.155107187894073
0.340479192938209
0.0365699873896595
0.0630517023959647
0.0895334174022699
0.162673392181589
0.064312736443884
0.136191677175284
0.28625472887768
0.215636822194199
0.0189155107187894
0.0466582597730139
0.559899117276166
0.051702395964691
0.158890290037831
0.137452711223203
0.697351828499369
0.0895334174022699
0.490542244640605
0.271122320302648
0.0794451450189155
0.233291298865069
0.0340479192938209
0.0290037831021438
0.0365699873896595
0.10718789407314
0.0504413619167718
0.0844892812105927
0.171500630517024
0.129886506935687
0.00882723833543506
0.0365699873896595
0.404791929382093
0.0403530895334174
0.0970996216897856
0.0870113493064313
0.433795712484237
0.051702395964691
0.104665825977301
0.121059268600252
0.0277427490542245
0.0920554854981084
0.00504413619167718
0.0176544766708701
0.021437578814628
0.0491803278688525
0.0189155107187894
0.0290037831021438
0.064312736443884
0.0529634300126103
0.00504413619167718
0.0151324085750315
0.0996216897856242
0.0100882723833544
0.0504413619167718
0.0277427490542245
0.134930643127364
0.0113493064312736
0.305170239596469
0.344262295081967
0.0807061790668348
0.373266078184111
0.0100882723833544
0.0605296343001261
0.0189155107187894
0.0655737704918033
0.0390920554854981
0.0529634300126103
0.172761664564943
0.168978562421185
0.0113493064312736
0.0327868852459016
0.26733921815889
0.0239596469104666
0.0744010088272383
0.064312736443884
0.353089533417402
0.0327868852459016
0.064312736443884
0.0353089533417402
0.0113493064312736
0.0479192938209332
0.00882723833543506
0.00252206809583859
0.00756620428751576
0.0201765447667087
0.00504413619167718
0.0138713745271122
0.0226986128625473
0.0239596469104666
0.00252206809583859
0.00882723833543506
0.0466582597730139
0.00504413619167718
0.0138713745271122
0.00630517023959647
0.0466582597730139
0.00126103404791929
0.0680958385876419
0.0567465321563682
0.0201765447667087
0.0542244640605296
0.00504413619167718
0.00504413619167718
0.00378310214375788
0.0239596469104666
0.00378310214375788
0.00756620428751576
0.0327868852459016
0.0290037831021438
0.00378310214375788
0
0.042875157629256
0.00504413619167718
0.0189155107187894
0.0100882723833544
0.0403530895334174
0.00378310214375788
0.0504413619167718
0.0378310214375788
0.0264817150063052
0.0189155107187894
0.0100882723833544
0.00252206809583859
0.0201765447667087
0.0277427490542245
0.0126103404791929
0.0189155107187894
0.0290037831021438
0.0163934426229508
0.00378310214375788
0.0113493064312736
0.0315258511979823
0.00252206809583859
0.0189155107187894
0.0138713745271122
0.0441361916771753
0.021437578814628
0.17780580075662
0.0718789407313997
0.0466582597730139
0.0592686002522068
0.0126103404791929
0.021437578814628
0.0252206809583859
0.0958385876418663
0.021437578814628
0.0365699873896595
0.064312736443884
0.0580075662042875
0.0100882723833544
0.0302648171500631
0.0706179066834805
0.0126103404791929
0.0479192938209332
0.0403530895334174
0.100882723833544
0.0416141235813367
0.085750315258512
0.0453972257250946
0.0163934426229508
0.0226986128625473
0.00756620428751576
0.0100882723833544
0.0163934426229508
0.0302648171500631
0.00630517023959647
0.021437578814628
0.0277427490542245
0.0290037831021438
0.00252206809583859
0.0100882723833544
0.0390920554854981
0.00252206809583859
0.0151324085750315
0.0100882723833544
0.0491803278688525
0.0100882723833544
0.147540983606557
0.0819672131147541
0.0252206809583859
0.064312736443884
0.00882723833543506
0.0138713745271122
0.0226986128625473
0.0441361916771753
0.0176544766708701
0.0441361916771753
0.0554854981084489
0.0264817150063052
0.00252206809583859
0.0176544766708701
0.094577553593947
0.0163934426229508
0.0302648171500631
0.0239596469104666
0.114754098360656
0.021437578814628
0.279949558638083
0.185372005044136
0.0592686002522068
0.152585119798235
0.0201765447667087
0.0353089533417402
0.0264817150063052
0.0983606557377049
0.0365699873896595
0.064312736443884
0.112232030264817
0.100882723833544
0.00756620428751576
0.0239596469104666
0.17780580075662
0.021437578814628
0.051702395964691
0.0567465321563682
0.191677175283733
0.042875157629256
0.205548549810845
0.191677175283733
0.0491803278688525
0.190416141235813
0.0113493064312736
0.0239596469104666
0.0113493064312736
0.0390920554854981
0.0290037831021438
0.042875157629256
0.0983606557377049
0.113493064312736
0.00882723833543506
0.0138713745271122
0.186633039092055
0.0100882723833544
0.0542244640605296
0.0567465321563682
0.220680958385876
0.0189155107187894
0.0138713745271122
0.0151324085750315
0.00630517023959647
0.0113493064312736
0
0.00252206809583859
0.00252206809583859
0.00756620428751576
0
0.00504413619167718
0.00882723833543506
0.0113493064312736
0.00252206809583859
0.00252206809583859
0.0126103404791929
0.00252206809583859
0.00630517023959647
0.00504413619167718
0.0138713745271122
0.00504413619167718
0.0819672131147541
0.0327868852459016
0.0163934426229508
0.0239596469104666
0.00882723833543506
0.00756620428751576
0.0163934426229508
0.0176544766708701
0.00882723833543506
0.0176544766708701
0.0302648171500631
0.021437578814628
0.00378310214375788
0.0113493064312736
0.051702395964691
0.00504413619167718
0.0151324085750315
0.00504413619167718
0.0491803278688525
0.0138713745271122
0.508196721311475
0.355611601513241
0.123581336696091
0.394703656998739
0.0290037831021438
0.0605296343001261
0.0176544766708701
0.0781841109709962
0.0378310214375788
0.0680958385876419
0.237074401008827
0.264817150063052
0.0176544766708701
0.0453972257250946
0.402269861286255
0.0290037831021438
0.103404791929382
0.0769230769230769
0.475409836065574
0.0466582597730139
0.0365699873896595
0.0340479192938209
0.0163934426229508
0.021437578814628
0.00630517023959647
0.00756620428751576
0.00630517023959647
0.0201765447667087
0.0100882723833544
0.0176544766708701
0.021437578814628
0.0226986128625473
0
0.00756620428751576
0.0390920554854981
0.00378310214375788
0.00630517023959647
0.00882723833543506
0.0264817150063052
0.00756620428751576
0.16015132408575
0.114754098360656
0.0353089533417402
0.064312736443884
0.0113493064312736
0.0113493064312736
0.021437578814628
0.0353089533417402
0.0163934426229508
0.0290037831021438
0.0491803278688525
0.0403530895334174
0.00378310214375788
0.0189155107187894
0.109709962168979
0.0126103404791929
0.0353089533417402
0.0252206809583859
0.134930643127364
0.0264817150063052
0.108448928121059
0.0807061790668348
0.0416141235813367
0.0769230769230769
0.00504413619167718
0.0113493064312736
0.0239596469104666
0.0189155107187894
0.0151324085750315
0.0277427490542245
0.0479192938209332
0.0365699873896595
0.00378310214375788
0.0201765447667087
0.0580075662042875
0.00630517023959647
0.0327868852459016
0.0176544766708701
0.0996216897856242
0.0201765447667087
0.836065573770492
0.291298865069357
0.105926860025221
0.274905422446406
0.0416141235813367
0.0479192938209332
0.0264817150063052
0.073139974779319
0.051702395964691
0.143757881462799
0.176544766708701
0.194199243379571
0.0151324085750315
0.0693568726355612
0.633039092055485
0.051702395964691
0.102143757881463
0.073139974779319
1
0.0744010088272383
0.0844892812105927
0.0542244640605296
0.0226986128625473
0.0441361916771753
0.00756620428751576
0.00630517023959647
0.00378310214375788
0.0302648171500631
0.0126103404791929
0.0138713745271122
0.0403530895334174
0.0226986128625473
0.00252206809583859
0.0176544766708701
0.0491803278688525
0.00882723833543506
0.0277427490542245
0.00882723833543506
0.0819672131147541
0.0100882723833544
