0.646739130434783
0.466032608695652
0.137228260869565
0.372282608695652
0.0176630434782609
0.078804347826087
0.0692934782608696
0.184782608695652
0.0896739130434783
0.122282608695652
0.316576086956522
0.224184782608696
0.0122282608695652
0.0570652173913043
0.543478260869565
0.0434782608695652
0.137228260869565
0.110054347826087
0.667119565217391
0.0842391304347826
0.505434782608696
0.270380434782609
0.078804347826087
0.269021739130435
0.0258152173913043
0.0407608695652174
0.03125
0.0964673913043478
0.047554347826087
0.0855978260869565
0.1875
0.114130434782609
0.00679347826086957
0.0421195652173913
0.398097826086957
0.0339673913043478
0.108695652173913
0.0692934782608696
0.411684782608696
0.0434782608695652
0.110054347826087
0.115489130434783
0.0217391304347826
0.0978260869565217
0.00271739130434783
0.016304347826087
0.0217391304347826
0.0557065217391304
0.016304347826087
0.0190217391304348
0.0625
0.0597826086956522
0.00815217391304348
0.00951086956521739
0.0855978260869565
0.00815217391304348
0.0407608695652174
0.0230978260869565
0.135869565217391
0.016304347826087
0.34375
0.358695652173913
0.0923913043478261
0.377717391304348
0.00815217391304348
0.0502717391304348
0.0176630434782609
0.0706521739130435
0.0407608695652174
0.0584239130434783
0.161684782608696
0.198369565217391
0.0108695652173913
0.0258152173913043
0.290760869565217
0.0230978260869565
0.0923913043478261
0.0638586956521739
0.355978260869565
0.0421195652173913
0.0543478260869565
0.0434782608695652
0.00679347826086957
0.0407608695652174
0.00679347826086957
0.00543478260869565
0.00815217391304348
0.0176630434782609
0.00815217391304348
0.00815217391304348
0.016304347826087
0.0203804347826087
0.00135869565217391
0.00543478260869565
0.0394021739130435
0.00679347826086957
0.0135869565217391
0.00271739130434783
0.0489130434782609
0.00271739130434783
0.0597826086956522
0.0652173913043478
0.016304347826087
0.047554347826087
0.00407608695652174
0.0108695652173913
0.00407608695652174
0.0244565217391304
0.0135869565217391
0.0122282608695652
0.0394021739130435
0.0339673913043478
0.00407608695652174
0.00543478260869565
0.0421195652173913
0.00135869565217391
0.014945652173913
0.00951086956521739
0.0557065217391304
0.00271739130434783
0.047554347826087
0.0353260869565217
0.0230978260869565
0.016304347826087
0.00815217391304348
0
0.0122282608695652
0.0190217391304348
0.00951086956521739
0.0135869565217391
0.0190217391304348
0.016304347826087
0.00271739130434783
0.00951086956521739
0.0271739130434783
0.00543478260869565
0.0190217391304348
0.0122282608695652
0.0489130434782609
0.014945652173913
0.161684782608696
0.0692934782608696
0.0516304347826087
0.0611413043478261
0.0203804347826087
0.0271739130434783
0.0217391304347826
0.0815217391304348
0.0230978260869565
0.0366847826086957
0.0720108695652174
0.0679347826086956
0.00543478260869565
0.0298913043478261
0.078804347826087
0.0230978260869565
0.0448369565217391
0.0339673913043478
0.104619565217391
0.0394021739130435
0.0760869565217391
0.0502717391304348
0.0135869565217391
0.0339673913043478
0.00543478260869565
0.00951086956521739
0.0122282608695652
0.0285326086956522
0.00543478260869565
0.0258152173913043
0.0339673913043478
0.0244565217391304
0.00135869565217391
0.00543478260869565
0.0339673913043478
0.00543478260869565
0.0230978260869565
0.00951086956521739
0.0421195652173913
0.00815217391304348
0.137228260869565
0.0625
0.0285326086956522
0.077445652173913
0.00951086956521739
0.016304347826087
0.016304347826087
0.0584239130434783
0.0203804347826087
0.0339673913043478
0.047554347826087
0.0380434782608696
0.00271739130434783
0.016304347826087
0.09375
0.00951086956521739
0.0217391304347826
0.0258152173913043
0.110054347826087
0.0190217391304348
0.290760869565217
0.1875
0.0611413043478261
0.135869565217391
0.016304347826087
0.0271739130434783
0.0217391304347826
0.0883152173913044
0.0285326086956522
0.0679347826086956
0.122282608695652
0.0910326086956522
0.00679347826086957
0.03125
0.191576086956522
0.0230978260869565
0.047554347826087
0.0543478260869565
0.19429347826087
0.0366847826086957
0.198369565217391
0.21195652173913
0.0502717391304348
0.172554347826087
0.0135869565217391
0.0217391304347826
0.014945652173913
0.0529891304347826
0.0217391304347826
0.0489130434782609
0.105978260869565
0.114130434782609
0.00679347826086957
0.00951086956521739
0.207880434782609
0.00951086956521739
0.0570652173913043
0.047554347826087
0.25
0.0285326086956522
0.0190217391304348
0.0203804347826087
0.00271739130434783
0.00543478260869565
0
0
0.00543478260869565
0.00407608695652174
0.00135869565217391
0.00271739130434783
0.00407608695652174
0.00951086956521739
0.00135869565217391
0.00271739130434783
0.0135869565217391
0
0.00271739130434783
0
0.014945652173913
0
0.0828804347826087
0.0298913043478261
0.0190217391304348
0.03125
0.00951086956521739
0.00815217391304348
0.00815217391304348
0.014945652173913
0.00815217391304348
0.0122282608695652
0.0217391304347826
0.0217391304347826
0.00271739130434783
0.0122282608695652
0.0570652173913043
0.00407608695652174
0.0122282608695652
0.0108695652173913
0.0489130434782609
0.0108695652173913
0.489130434782609
0.361413043478261
0.108695652173913
0.44429347826087
0.0217391304347826
0.0652173913043478
0.0258152173913043
0.077445652173913
0.03125
0.0720108695652174
0.201086956521739
0.27445652173913
0.0176630434782609
0.046195652173913
0.395380434782609
0.0366847826086957
0.107336956521739
0.0842391304347826
0.478260869565217
0.0529891304347826
0.0298913043478261
0.0258152173913043
0.0122282608695652
0.0230978260869565
0.00271739130434783
0.00815217391304348
0.00815217391304348
0.0258152173913043
0.00815217391304348
0.0135869565217391
0.0203804347826087
0.0230978260869565
0.00135869565217391
0.00407608695652174
0.03125
0.00951086956521739
0.00679347826086957
0.0108695652173913
0.0258152173913043
0.00951086956521739
0.167119565217391
0.108695652173913
0.0285326086956522
0.0679347826086956
0.0190217391304348
0.0190217391304348
0.0122282608695652
0.0285326086956522
0.00543478260869565
0.0380434782608696
0.0529891304347826
0.0407608695652174
0.00407608695652174
0.0176630434782609
0.0991847826086956
0.014945652173913
0.0258152173913043
0.0108695652173913
0.125
0.0217391304347826
0.0910326086956522
0.077445652173913
0.0339673913043478
0.078804347826087
0.00407608695652174
0.00951086956521739
0.0135869565217391
0.0298913043478261
0.016304347826087
0.0244565217391304
0.0448369565217391
0.0448369565217391
0.00135869565217391
0.0122282608695652
0.0597826086956522
0.00815217391304348
0.0230978260869565
0.0203804347826087
0.0692934782608696
0.0135869565217391
0.817934782608696
0.271739130434783
0.112771739130435
0.290760869565217
0.0339673913043478
0.0489130434782609
0.0298913043478261
0.077445652173913
0.0394021739130435
0.13179347826087
0.16304347826087
0.206521739130435
0.014945652173913
0.0733695652173913
0.658967391304348
0.0298913043478261
0.0883152173913044
0.0720108695652174
1
0.0706521739130435
0.0801630434782609
0.0502717391304348
0.0298913043478261
0.0434782608695652
0.00407608695652174
0.00815217391304348
0.00543478260869565
0.0190217391304348
0.0135869565217391
0.0190217391304348
0.0339673913043478
0.0258152173913043
0
0.0122282608695652
0.0502717391304348
0.00543478260869565
0.0258152173913043
0.0108695652173913
0.0760869565217391
0.00815217391304348
