573
461
121
344
28
65
72
171
75
123
314
195
16
49
511
29
146
136
599
75
474
279
76
247
26
37
35
93
45
91
179
108
4
34
389
31
104
67
380
47
91
112
28
71
5
8
20
47
14
21
55
43
8
10
88
11
42
24
109
19
283
309
67
329
7
52
18
69
38
65
156
180
16
23
246
28
72
69
302
32
50
30
7
34
6
6
5
16
5
8
24
22
3
5
39
5
15
5
44
3
49
50
11
44
4
6
6
22
7
12
34
24
3
6
47
4
12
9
49
2
46
41
20
17
5
3
11
32
13
17
27
17
3
9
30
6
19
13
43
16
153
71
39
64
17
18
28
82
23
35
71
54
7
25
63
21
42
32
75
29
86
43
15
32
9
11
11
19
7
17
28
28
6
5
30
6
17
11
41
5
134
73
27
68
9
9
12
60
14
34
50
34
5
11
79
17
31
28
114
26
272
178
61
138
19
26
27
87
31
70
113
92
6
25
178
23
45
54
178
35
197
176
42
151
9
23
18
46
22
33
114
99
10
13
158
8
54
41
216
24
22
19
2
7
1
1
3
6
0
5
9
10
2
2
18
1
5
4
18
5
69
34
19
18
8
3
10
15
11
19
24
16
3
8
35
4
18
6
42
9
509
338
104
365
23
52
25
64
34
69
168
226
21
40
393
27
96
83
450
41
35
31
17
17
2
10
9
17
9
15
19
18
1
3
33
7
6
8
30
7
147
95
36
61
14
18
20
19
14
33
54
42
3
19
116
14
32
14
127
22
112
82
26
75
11
10
21
16
16
22
39
47
6
17
50
6
29
15
75
11
741
284
93
253
32
41
29
47
39
129
140
184
17
57
588
43
101
59
845
59
85
49
21
29
6
5
8
22
10
17
41
19
1
11
44
4
18
11
64
8
