470
353
104
302
19
64
57
133
66
122
266
147
15
44
426
30
130
95
555
64
399
205
58
200
21
34
33
82
34
61
140
91
8
25
286
28
82
58
332
28
93
89
24
78
4
13
20
47
13
21
55
42
5
5
83
9
34
24
102
9
229
286
77
280
7
34
13
53
33
44
131
141
10
28
203
17
70
50
279
30
49
30
5
24
1
5
9
13
4
8
21
13
1
4
32
1
11
3
34
2
48
43
16
38
2
6
3
20
6
6
23
31
2
4
38
2
15
12
51
5
38
29
26
13
8
2
13
27
10
14
31
13
2
9
23
4
11
7
37
11
148
54
45
53
16
22
24
76
12
36
61
46
3
22
53
21
44
35
86
26
56
35
14
17
6
8
7
32
4
18
24
17
2
6
23
6
16
6
32
4
125
68
27
56
5
12
14
51
14
38
50
28
4
18
74
8
19
28
89
13
253
139
59
117
15
21
24
85
32
67
94
63
7
24
141
23
46
46
177
26
160
148
34
134
6
23
8
36
15
42
86
90
5
8
151
6
41
35
175
19
12
14
3
4
1
1
3
4
1
3
4
11
0
1
16
1
3
1
11
0
62
21
9
20
4
6
10
13
7
15
24
17
1
10
44
4
12
11
36
9
382
271
91
316
18
45
20
61
21
53
180
204
16
37
317
27
81
66
383
33
29
25
15
14
1
5
8
12
6
12
19
15
1
6
30
7
6
9
19
5
128
79
24
58
11
14
19
25
10
36
39
34
1
13
86
5
23
19
104
21
80
71
30
54
6
9
16
24
14
23
41
42
2
10
45
4
25
13
62
15
663
224
88
214
24
41
20
69
26
111
141
169
10
53
527
37
71
60
810
50
56
30
25
29
4
9
7
21
5
12
32
12
0
9
31
4
16
10
57
8
