569
427
108
325
28
63
59
159
74
106
297
186
13
51
498
40
142
107
593
73
439
267
68
218
23
39
20
79
52
81
195
111
11
27
322
32
97
71
394
51
86
99
36
79
4
20
18
44
9
24
59
56
6
7
79
7
37
25
99
16
268
305
77
299
6
55
23
67
33
49
147
184
14
32
239
17
65
64
311
37
50
36
4
38
6
4
10
14
6
8
14
15
1
4
35
7
9
3
36
6
58
59
15
38
3
11
5
25
8
13
34
35
4
6
42
2
13
11
53
6
49
40
14
17
4
3
18
23
12
9
32
18
2
12
29
7
12
13
42
11
160
69
44
58
18
25
26
78
20
41
76
55
5
27
64
23
48
34
85
28
74
37
18
31
3
8
10
36
8
20
24
13
3
14
36
6
14
11
37
6
120
71
25
60
11
11
17
62
16
40
46
44
6
11
84
9
19
24
111
21
278
166
61
142
16
38
31
97
29
58
121
93
6
26
173
29
47
49
190
38
184
179
37
161
12
24
14
46
25
32
112
105
8
10
176
8
43
49
213
21
19
17
3
9
2
2
2
6
1
4
10
8
1
2
17
2
1
4
18
2
80
36
15
19
7
7
11
16
8
18
24
17
2
10
39
2
18
11
49
8
461
316
95
363
12
54
25
63
26
77
195
225
20
36
362
24
91
75
418
49
34
25
16
20
4
7
9
17
7
14
27
15
1
7
32
7
8
8
19
4
121
104
27
60
12
10
24
28
12
34
44
39
4
15
103
7
26
16
104
24
93
68
27
72
6
16
11
31
15
23
41
41
6
22
61
5
20
15
66
14
734
243
102
250
32
39
27
65
36
143
162
182
18
65
561
41
83
60
854
50
63
44
22
36
6
6
7
28
12
15
30
19
0
14
44
6
28
8
75
10
