0.618885096700796
0.458475540386803
0.15358361774744
0.362912400455063
0.0329920364050057
0.0728100113765643
0.0819112627986348
0.180887372013652
0.0796359499431172
0.130830489192264
0.344709897610922
0.210466439135381
0.0159271899886234
0.0580204778156997
0.569965870307167
0.0443686006825939
0.168373151308305
0.14448236632537
0.695108077360637
0.0910125142207053
0.485779294653015
0.304891922639363
0.0864618885096701
0.248009101251422
0.0352673492605233
0.043230944254835
0.043230944254835
0.113765642775882
0.0534698521046644
0.0944254835039818
0.202502844141069
0.128555176336746
0.00455062571103527
0.0386803185437998
0.406143344709898
0.0295790671217292
0.13424345847554
0.0967007963594994
0.449374288964733
0.0511945392491468
0.108077360637088
0.128555176336746
0.0398179749715586
0.093287827076223
0.00568828213879408
0.0182025028441411
0.0273037542662116
0.0602957906712173
0.0193401592718999
0.0238907849829352
0.0693970420932878
0.0534698521046644
0.0068259385665529
0.012514220705347
0.102389078498294
0.0136518771331058
0.0591581342434585
0.0329920364050057
0.13424345847554
0.0238907849829352
0.296928327645051
0.31740614334471
0.0887372013651877
0.299203640500569
0.00796359499431172
0.0637087599544937
0.0193401592718999
0.0716723549488055
0.043230944254835
0.0693970420932878
0.174061433447099
0.204778156996587
0.0113765642775882
0.0420932878270762
0.285551763367463
0.0273037542662116
0.0796359499431172
0.093287827076223
0.343572241183163
0.0511945392491468
0.0523321956769056
0.043230944254835
0.00341296928327645
0.0341296928327645
0.00227531285551763
0.00568828213879408
0.0113765642775882
0.0193401592718999
0.0068259385665529
0.0113765642775882
0.0216154721274175
0.0216154721274175
0.00227531285551763
0.00796359499431172
0.0420932878270762
0.00227531285551763
0.0136518771331058
0.0068259385665529
0.0602957906712173
0.0068259385665529
0.0602957906712173
0.0693970420932878
0.0227531285551763
0.0489192263936291
0.00455062571103527
0.00796359499431172
0.00568828213879408
0.0193401592718999
0.0102389078498294
0.00910125142207053
0.0386803185437998
0.0318543799772469
0.00455062571103527
0.00455062571103527
0.0637087599544937
0.00568828213879408
0.0182025028441411
0.0136518771331058
0.068259385665529
0.00455062571103527
0.0591581342434585
0.0546075085324232
0.0227531285551763
0.0204778156996587
0.00568828213879408
0.0068259385665529
0.0182025028441411
0.0398179749715586
0.0182025028441411
0.0182025028441411
0.043230944254835
0.0227531285551763
0.00227531285551763
0.0147895335608646
0.037542662116041
0.00568828213879408
0.0227531285551763
0.0159271899886234
0.0534698521046644
0.0193401592718999
0.186575654152446
0.0875995449374289
0.0546075085324232
0.0739476678043231
0.0170648464163823
0.0273037542662116
0.0443686006825939
0.0887372013651877
0.0284414106939704
0.0477815699658703
0.0716723549488055
0.0637087599544937
0.00455062571103527
0.0329920364050057
0.0819112627986348
0.0284414106939704
0.0568828213879408
0.0477815699658703
0.109215017064846
0.0409556313993174
0.0853242320819113
0.0477815699658703
0.0238907849829352
0.0318543799772469
0.00910125142207053
0.0193401592718999
0.012514220705347
0.0364050056882821
0.0068259385665529
0.0216154721274175
0.0364050056882821
0.0238907849829352
0.00568828213879408
0.00910125142207053
0.0386803185437998
0.00796359499431172
0.0227531285551763
0.0170648464163823
0.0523321956769056
0.0102389078498294
0.171786120591581
0.0887372013651877
0.037542662116041
0.0693970420932878
0.0113765642775882
0.00455062571103527
0.0193401592718999
0.0739476678043231
0.0204778156996587
0.0443686006825939
0.0523321956769056
0.0466439135381115
0.00341296928327645
0.0227531285551763
0.0955631399317406
0.0182025028441411
0.0364050056882821
0.0273037542662116
0.124004550625711
0.0284414106939704
0.306029579067122
0.208191126279863
0.0739476678043231
0.154721274175199
0.0170648464163823
0.0318543799772469
0.0386803185437998
0.118316268486917
0.0329920364050057
0.0875995449374289
0.141069397042093
0.100113765642776
0.0102389078498294
0.025028441410694
0.205915813424346
0.0307167235494881
0.0580204778156997
0.0648464163822526
0.200227531285552
0.043230944254835
0.200227531285552
0.188850967007964
0.0534698521046644
0.194539249146758
0.00910125142207053
0.0273037542662116
0.0182025028441411
0.0591581342434585
0.0216154721274175
0.0500568828213879
0.117178612059158
0.124004550625711
0.00796359499431172
0.012514220705347
0.187713310580205
0.00796359499431172
0.0637087599544937
0.0489192263936291
0.23094425483504
0.0261660978384528
0.0113765642775882
0.012514220705347
0.00341296928327645
0.00910125142207053
0.00227531285551763
0.00227531285551763
0.00227531285551763
0.00227531285551763
0.00113765642775882
0.00568828213879408
0.00796359499431172
0.00796359499431172
0.00113765642775882
0.00113765642775882
0.0216154721274175
0
0.00455062571103527
0.00455062571103527
0.0136518771331058
0.00455062571103527
0.0819112627986348
0.0398179749715586
0.0204778156996587
0.0238907849829352
0.00796359499431172
0.00568828213879408
0.012514220705347
0.0170648464163823
0.012514220705347
0.0238907849829352
0.0307167235494881
0.0216154721274175
0.00113765642775882
0.00796359499431172
0.0500568828213879
0.00113765642775882
0.0182025028441411
0.012514220705347
0.0591581342434585
0.0147895335608646
0.535836177474403
0.392491467576792
0.12514220705347
0.420932878270762
0.025028441410694
0.0762229806598407
0.0307167235494881
0.0796359499431172
0.0352673492605233
0.0784982935153584
0.233219567690557
0.253697383390216
0.0170648464163823
0.0534698521046644
0.416382252559727
0.0238907849829352
0.12514220705347
0.0853242320819113
0.477815699658703
0.068259385665529
0.037542662116041
0.0364050056882821
0.0204778156996587
0.0147895335608646
0.00227531285551763
0.00341296928327645
0.0102389078498294
0.0227531285551763
0.012514220705347
0.0204778156996587
0.0261660978384528
0.0159271899886234
0.00113765642775882
0.00455062571103527
0.0352673492605233
0.00455062571103527
0.00227531285551763
0.0113765642775882
0.0273037542662116
0.00910125142207053
0.166097838452787
0.126279863481229
0.0420932878270762
0.0728100113765643
0.0227531285551763
0.0204778156996587
0.025028441410694
0.0386803185437998
0.0227531285551763
0.0443686006825939
0.0580204778156997
0.0546075085324232
0.00227531285551763
0.0238907849829352
0.13424345847554
0.0147895335608646
0.0477815699658703
0.0204778156996587
0.14448236632537
0.0329920364050057
0.113765642775882
0.0978384527872583
0.0238907849829352
0.0944254835039818
0.0102389078498294
0.0227531285551763
0.025028441410694
0.037542662116041
0.025028441410694
0.0261660978384528
0.0591581342434585
0.0546075085324232
0.00455062571103527
0.0193401592718999
0.0705346985210466
0.00568828213879408
0.0318543799772469
0.0216154721274175
0.0875995449374289
0.0170648464163823
0.864618885096701
0.306029579067122
0.110352673492605
0.290102389078498
0.0341296928327645
0.0489192263936291
0.043230944254835
0.080773606370876
0.0546075085324232
0.167235494880546
0.175199089874858
0.19226393629124
0.012514220705347
0.0568828213879408
0.665529010238908
0.037542662116041
0.124004550625711
0.068259385665529
1
0.068259385665529
0.0955631399317406
0.0534698521046644
0.0318543799772469
0.0398179749715586
0.00910125142207053
0.0068259385665529
0.012514220705347
0.0341296928327645
0.0136518771331058
0.0227531285551763
0.0466439135381115
0.0204778156996587
0.00113765642775882
0.0159271899886234
0.0523321956769056
0.00910125142207053
0.0364050056882821
0.0170648464163823
0.0910125142207053
0.0102389078498294
