0.622950819672131
0.46135831381733
0.141686182669789
0.360655737704918
0.031615925058548
0.0620608899297424
0.0866510538641686
0.182669789227166
0.0714285714285714
0.122950819672131
0.291569086651054
0.230679156908665
0.0152224824355972
0.0444964871194379
0.560889929742389
0.0491803278688525
0.133489461358314
0.146370023419204
0.668618266978923
0.0761124121779859
0.5
0.282201405152225
0.0784543325526932
0.254098360655738
0.0281030444964871
0.0421545667447307
0.031615925058548
0.105386416861827
0.0503512880562061
0.0819672131147541
0.216627634660422
0.128805620608899
0.00936768149882904
0.0281030444964871
0.350117096018735
0.0374707259953162
0.103044496487119
0.0889929742388759
0.469555035128806
0.0491803278688525
0.108899297423888
0.124121779859485
0.0304449648711944
0.0936768149882904
0.00702576112412178
0.0187353629976581
0.0175644028103044
0.0503512880562061
0.0199063231850117
0.022248243559719
0.0597189695550351
0.0480093676814988
0.00819672131147541
0.0163934426229508
0.0878220140515222
0.0117096018735363
0.0468384074941452
0.0269320843091335
0.122950819672131
0.0187353629976581
0.311475409836066
0.357142857142857
0.0796252927400468
0.35480093676815
0.0128805620608899
0.0491803278688525
0.0152224824355972
0.0737704918032787
0.031615925058548
0.0702576112412178
0.181498829039813
0.201405152224824
0.00936768149882904
0.0386416861826698
0.278688524590164
0.0210772833723653
0.0819672131147541
0.0644028103044497
0.338407494145199
0.0433255269320843
0.063231850117096
0.0374707259953162
0.00702576112412178
0.0421545667447307
0.00585480093676815
0.00468384074941452
0.00819672131147541
0.0117096018735363
0.00585480093676815
0.0152224824355972
0.0210772833723653
0.0163934426229508
0.00117096018735363
0.00585480093676815
0.0480093676814988
0.00468384074941452
0.00819672131147541
0.00351288056206089
0.0515222482435597
0.00585480093676815
0.0620608899297424
0.0620608899297424
0.0257611241217799
0.0503512880562061
0.00351288056206089
0.00702576112412178
0.00702576112412178
0.0210772833723653
0.00585480093676815
0.00936768149882904
0.031615925058548
0.0304449648711944
0.00468384074941452
0.00351288056206089
0.0421545667447307
0.00585480093676815
0.0152224824355972
0.00468384074941452
0.0491803278688525
0.00936768149882904
0.0550351288056206
0.0444964871194379
0.0257611241217799
0.0187353629976581
0.00702576112412178
0.00351288056206089
0.0163934426229508
0.0269320843091335
0.0140515222482436
0.0152224824355972
0.0245901639344262
0.0245901639344262
0.00351288056206089
0.0117096018735363
0.0292740046838408
0.00468384074941452
0.0163934426229508
0.0105386416861827
0.0491803278688525
0.0175644028103044
0.161592505854801
0.0761124121779859
0.0491803278688525
0.0608899297423888
0.0117096018735363
0.0199063231850117
0.0304449648711944
0.0831381733021077
0.0140515222482436
0.0386416861826698
0.0737704918032787
0.0620608899297424
0.00819672131147541
0.0269320843091335
0.0620608899297424
0.0140515222482436
0.0620608899297424
0.0526932084309134
0.0983606557377049
0.0433255269320843
0.0667447306791569
0.040983606557377
0.0140515222482436
0.0292740046838408
0.00351288056206089
0.0152224824355972
0.0163934426229508
0.0245901639344262
0.00702576112412178
0.0245901639344262
0.0351288056206089
0.022248243559719
0.00234192037470726
0.00936768149882904
0.0327868852459016
0.00702576112412178
0.0234192037470726
0.0105386416861827
0.0421545667447307
0.0117096018735363
0.146370023419204
0.0737704918032787
0.0327868852459016
0.0784543325526932
0.0152224824355972
0.00819672131147541
0.0199063231850117
0.0702576112412178
0.0234192037470726
0.040983606557377
0.0503512880562061
0.0327868852459016
0.00468384074941452
0.0257611241217799
0.104215456674473
0.00936768149882904
0.0187353629976581
0.031615925058548
0.10655737704918
0.0163934426229508
0.275175644028103
0.180327868852459
0.0597189695550351
0.146370023419204
0.022248243559719
0.0304449648711944
0.0234192037470726
0.0983606557377049
0.0281030444964871
0.0866510538641686
0.11943793911007
0.10655737704918
0.00702576112412178
0.0234192037470726
0.174473067915691
0.0292740046838408
0.0515222482435597
0.0597189695550351
0.203747072599532
0.0526932084309134
0.214285714285714
0.194379391100703
0.053864168618267
0.199063231850117
0.0128805620608899
0.0245901639344262
0.0163934426229508
0.0620608899297424
0.0187353629976581
0.0444964871194379
0.0878220140515222
0.105386416861827
0.00468384074941452
0.0105386416861827
0.207259953161593
0.00936768149882904
0.0608899297423888
0.053864168618267
0.213114754098361
0.0199063231850117
0.0128805620608899
0.0140515222482436
0.00468384074941452
0.00819672131147541
0.00117096018735363
0.00234192037470726
0.00468384074941452
0.00585480093676815
0
0.00351288056206089
0.00585480093676815
0.0140515222482436
0
0.00117096018735363
0.0128805620608899
0
0.00117096018735363
0.00234192037470726
0.0117096018735363
0.00234192037470726
0.0784543325526932
0.0374707259953162
0.0175644028103044
0.0281030444964871
0.00468384074941452
0.00585480093676815
0.0152224824355972
0.0175644028103044
0.0105386416861827
0.0152224824355972
0.0234192037470726
0.0245901639344262
0
0.0117096018735363
0.0515222482435597
0.00234192037470726
0.0175644028103044
0.00702576112412178
0.0480093676814988
0.0105386416861827
0.485948477751756
0.372365339578454
0.104215456674473
0.387587822014052
0.0269320843091335
0.0573770491803279
0.0292740046838408
0.0725995316159251
0.0339578454332553
0.0772833723653396
0.221311475409836
0.243559718969555
0.0163934426229508
0.0480093676814988
0.399297423887588
0.0257611241217799
0.108899297423888
0.0796252927400468
0.478922716627635
0.0573770491803279
0.0386416861826698
0.0327868852459016
0.0128805620608899
0.022248243559719
0.00117096018735363
0.00936768149882904
0.00819672131147541
0.0140515222482436
0.00819672131147541
0.0152224824355972
0.0234192037470726
0.0175644028103044
0
0.00468384074941452
0.0362997658079625
0.00936768149882904
0.00585480093676815
0.00936768149882904
0.0281030444964871
0.0117096018735363
0.154566744730679
0.115925058548009
0.0327868852459016
0.0749414519906323
0.0128805620608899
0.0175644028103044
0.0199063231850117
0.0234192037470726
0.0163934426229508
0.0351288056206089
0.0585480093676815
0.0362997658079625
0.00468384074941452
0.0152224824355972
0.0913348946135831
0.0128805620608899
0.0351288056206089
0.0257611241217799
0.122950819672131
0.0234192037470726
0.110070257611241
0.0901639344262295
0.0421545667447307
0.0913348946135831
0.0105386416861827
0.0140515222482436
0.0163934426229508
0.0199063231850117
0.0187353629976581
0.0304449648711944
0.0480093676814988
0.0468384074941452
0
0.0175644028103044
0.0667447306791569
0.00819672131147541
0.0269320843091335
0.0163934426229508
0.0866510538641686
0.0163934426229508
0.830210772833724
0.297423887587822
0.112412177985948
0.282201405152225
0.0339578454332553
0.0526932084309134
0.0292740046838408
0.0562060889929742
0.0480093676814988
0.138173302107728
0.167447306791569
0.202576112412178
0.00936768149882904
0.0667447306791569
0.649882903981265
0.040983606557377
0.0878220140515222
0.0772833723653396
1
0.0702576112412178
0.0878220140515222
0.0515222482435597
0.0245901639344262
0.040983606557377
0.00819672131147541
0.00936768149882904
0.00702576112412178
0.0292740046838408
0.0128805620608899
0.0245901639344262
0.0386416861826698
0.022248243559719
0.00117096018735363
0.0175644028103044
0.0456674473067916
0.00585480093676815
0.0292740046838408
0.0105386416861827
0.0866510538641686
0.0128805620608899
