564
421
122
331
26
64
73
160
63
123
305
178
15
64
515
38
153
118
586
68
446
231
84
211
28
37
32
99
54
73
174
115
7
30
341
26
95
74
369
49
96
104
27
72
8
13
26
46
18
25
60
55
4
15
74
9
38
24
116
17
277
270
66
300
7
52
21
64
45
58
148
163
15
35
242
16
73
69
266
31
61
35
10
34
6
5
5
17
9
12
27
17
2
5
45
3
11
7
42
4
49
53
19
53
3
5
4
19
10
11
35
31
2
6
46
3
15
11
44
6
58
42
24
18
7
3
16
35
15
19
28
21
5
9
24
4
21
15
51
16
156
67
46
51
20
19
29
78
28
44
67
54
7
30
56
23
46
41
90
29
94
34
15
28
6
12
14
26
8
22
32
22
7
12
38
6
19
12
42
12
122
76
28
63
13
10
22
58
18
42
59
34
4
18
77
17
29
34
93
21
283
162
69
137
20
30
34
97
33
73
118
88
6
27
181
21
54
50
189
38
187
166
42
146
11
25
17
43
23
37
115
102
11
16
167
8
42
43
187
21
23
13
5
9
0
0
2
6
0
5
6
8
1
1
19
0
5
5
20
4
77
40
18
22
9
3
12
15
4
24
30
18
2
12
39
4
19
10
55
10
492
335
109
338
26
51
27
67
37
57
185
214
24
35
346
34
103
69
394
45
37
33
11
15
3
7
9
12
7
17
21
19
1
6
24
8
8
6
26
7
133
109
26
69
17
18
26
33
13
33
51
46
2
16
110
12
33
21
113
27
92
87
29
69
13
21
22
19
17
21
44
43
4
12
59
4
36
17
80
13
690
263
79
219
38
40
31
59
48
124
173
158
13
61
556
38
83
71
826
59
73
46
24
37
5
11
9
29
11
19
35
23
1
14
34
4
30
9
63
10
