552
394
124
284
28
63
51
126
54
109
276
176
13
51
467
41
135
104
589
69
433
220
70
199
19
28
26
58
43
64
132
100
10
24
335
29
89
64
365
34
67
87
25
77
5
13
16
36
15
20
42
42
6
8
86
9
40
29
109
10
239
293
71
313
5
41
17
55
35
43
130
157
8
25
231
15
60
45
299
31
47
26
7
32
4
4
5
12
5
7
16
15
0
4
36
4
7
6
38
2
46
49
17
36
5
4
6
17
5
7
22
26
2
0
42
3
17
11
47
4
43
32
16
13
8
1
12
28
10
15
18
14
2
9
17
2
10
8
41
15
136
62
28
47
6
13
18
65
17
39
49
36
4
18
54
16
33
30
84
28
63
27
12
24
4
7
8
20
4
16
21
17
2
6
31
9
12
7
35
7
120
63
23
60
5
9
11
48
12
34
45
30
5
14
79
13
25
23
86
16
244
142
45
123
11
30
27
78
26
51
87
83
6
20
133
15
43
48
168
32
170
159
41
162
8
23
10
34
17
31
78
91
7
14
160
6
37
48
175
18
16
7
3
12
0
1
1
6
0
5
6
10
0
1
12
1
4
4
10
4
70
33
15
16
4
6
7
13
2
12
22
16
1
6
37
4
11
8
49
7
441
310
92
333
24
48
23
56
19
67
186
222
19
34
357
21
82
66
397
34
35
28
15
14
2
4
7
12
6
15
17
17
0
5
22
4
4
6
24
9
137
84
25
49
10
14
18
26
9
25
44
36
2
9
84
7
24
21
113
22
87
51
32
66
5
15
16
17
8
15
35
35
2
15
61
7
27
6
84
8
711
249
73
230
31
36
28
54
38
134
156
152
12
65
558
36
79
55
822
43
66
39
17
26
2
7
7
22
7
13
32
15
2
12
36
5
25
8
51
9
