575
431
115
332
21
72
69
181
77
124
308
190
13
49
519
36
160
125
578
75
435
246
69
227
23
33
28
98
57
64
193
108
7
25
346
30
101
68
354
53
95
101
34
79
4
16
25
48
20
20
66
49
6
10
85
9
34
25
110
20
277
276
74
294
10
58
17
77
39
57
152
181
12
34
227
23
68
70
308
34
53
30
7
28
6
4
10
14
7
11
17
17
2
6
42
5
9
3
46
4
58
49
17
44
2
9
6
28
4
13
39
26
2
7
43
5
15
13
51
9
62
39
23
15
7
5
17
25
9
15
28
18
3
11
33
6
18
13
42
12
174
64
40
67
20
22
27
84
26
46
71
55
7
32
69
23
52
34
93
31
84
44
16
35
5
14
9
28
6
21
30
21
5
12
37
5
16
12
39
7
141
63
33
59
15
8
20
69
22
36
52
40
6
20
87
13
19
26
96
20
296
178
69
128
17
32
32
101
30
76
131
86
4
29
167
24
51
56
186
42
180
162
39
160
8
27
15
46
19
35
114
107
7
9
176
8
55
44
188
23
15
17
3
8
1
1
3
8
1
2
7
9
1
2
17
1
1
2
17
3
73
34
17
26
6
4
11
15
10
24
23
20
2
7
43
3
19
8
40
11
461
327
109
352
23
56
27
65
31
69
200
198
19
41
380
22
95
93
413
45
39
25
14
19
3
7
10
15
10
21
21
16
2
6
29
7
7
8
23
7
139
92
32
64
14
16
20
21
12
31
59
39
4
19
110
12
38
16
119
25
103
86
28
77
8
15
16
27
16
26
41
46
4
13
67
8
23
20
76
12
726
271
96
241
32
34
30
59
40
132
144
179
13
52
521
42
82
68
858
60
81
42
24
39
5
8
9
29
10
23
40
20
1
12
35
8
26
13
66
9
