532
373
115
306
25
56
63
162
57
120
256
169
13
42
416
35
140
105
544
75
392
225
62
205
24
34
27
81
51
60
162
100
7
24
293
20
85
64
325
42
98
102
26
70
6
9
20
41
15
19
55
43
6
14
73
9
39
32
124
15
238
278
65
278
8
50
17
53
35
62
139
146
12
28
214
16
58
57
258
29
56
30
9
30
5
3
6
14
10
10
16
14
1
3
36
3
11
5
36
2
53
39
15
36
2
8
7
20
10
11
33
22
1
6
37
4
11
12
50
7
52
38
18
14
7
3
17
34
6
15
25
12
3
7
31
6
19
11
39
16
148
58
41
52
14
22
27
67
19
40
51
40
4
25
57
19
46
30
83
28
68
35
18
28
6
14
13
25
9
19
29
16
3
9
27
6
18
7
35
13
120
68
30
53
11
9
18
59
22
34
40
33
4
15
78
8
19
29
93
19
247
138
56
112
14
25
29
72
26
65
103
79
3
24
157
15
37
51
165
35
169
162
42
121
10
25
17
40
16
28
80
86
5
8
154
7
40
42
167
19
15
10
3
9
1
2
2
5
0
2
6
10
0
0
15
0
3
3
15
2
67
22
17
20
5
6
10
13
9
17
13
14
2
7
39
2
18
6
38
7
411
260
106
325
23
45
28
61
29
63
167
181
18
34
332
20
87
68
368
34
23
24
14
16
1
7
8
13
9
14
22
15
1
4
25
5
3
3
16
7
129
79
34
55
12
17
18
22
12
31
47
36
2
18
74
13
33
17
107
25
80
79
38
67
8
9
15
19
14
24
32
45
3
10
64
7
17
13
66
13
648
233
89
216
22
34
25
50
42
109
146
160
13
44
509
32
76
66
803
50
77
44
24
35
5
9
6
21
7
19
33
18
2
10
35
4
24
7
57
11
