573
377
118
316
21
67
68
164
62
117
273
192
16
44
503
41
129
111
578
64
412
244
75
192
29
35
34
94
50
63
174
112
6
29
346
28
82
75
387
46
83
102
26
87
4
16
16
33
17
20
59
46
5
12
71
9
37
15
98
18
264
284
70
278
8
57
13
63
37
57
135
164
11
35
234
21
77
66
295
29
46
32
5
35
3
7
6
12
4
13
19
18
2
7
39
6
9
1
38
3
68
61
17
46
2
5
5
20
9
10
37
27
3
2
44
4
17
10
51
6
59
43
19
17
3
5
12
26
11
13
25
20
1
10
34
2
15
12
42
10
149
73
27
62
21
28
34
90
24
37
65
48
7
33
68
20
40
35
88
22
68
38
14
27
5
15
11
27
6
22
26
21
5
12
35
6
18
11
39
9
125
63
21
56
13
8
19
56
17
35
45
36
8
18
79
10
21
24
103
18
259
173
51
123
18
34
27
92
31
68
113
85
6
17
178
25
39
51
187
40
163
170
39
151
9
23
15
43
24
41
112
104
8
8
195
3
46
38
194
18
17
16
4
8
0
2
1
5
1
3
7
9
2
1
13
2
5
4
15
3
65
30
18
22
3
4
14
18
8
20
26
14
2
7
44
5
13
7
54
15
441
321
104
366
19
60
27
77
34
67
210
224
19
38
356
30
84
72
420
46
40
28
10
13
3
7
7
17
6
14
21
19
0
8
33
6
8
10
26
8
135
95
26
57
10
11
23
23
11
25
49
28
2
17
111
11
32
15
95
16
88
77
28
69
7
12
12
27
12
23
39
39
3
17
54
8
23
14
81
10
730
251
85
242
33
42
26
65
43
114
149
184
13
62
548
40
85
63
866
58
74
47
21
35
3
8
9
19
8
15
35
17
0
12
35
7
20
12
61
8
