525
394
105
310
16
56
66
150
75
115
290
180
15
49
467
31
124
123
578
71
408
226
63
213
19
37
38
85
48
64
173
104
5
36
328
24
97
62
360
45
91
106
25
73
2
9
28
41
12
21
53
40
4
12
69
9
27
26
118
16
250
276
69
298
7
45
15
65
37
52
147
170
12
31
243
20
78
60
287
30
62
34
5
29
8
4
5
17
5
9
15
20
3
3
27
3
7
6
40
3
50
38
12
44
2
8
6
19
10
10
33
24
1
6
39
5
16
8
51
4
57
45
22
13
8
2
14
29
13
17
19
20
4
9
24
4
22
13
46
19
155
54
46
63
17
20
15
80
18
39
60
42
5
17
64
14
44
33
88
29
71
31
13
37
7
11
16
27
6
18
27
23
6
7
24
5
15
11
41
5
121
70
28
59
9
11
22
56
21
36
43
32
4
16
67
13
24
26
94
22
246
152
65
122
19
23
31
81
32
54
89
79
5
19
147
18
39
60
177
35
179
162
38
140
9
25
18
45
15
40
87
110
7
10
163
6
59
41
184
18
15
14
4
8
0
1
2
4
1
4
8
7
1
0
17
0
7
3
15
4
63
25
16
26
5
6
10
12
5
15
19
14
3
7
35
2
13
12
42
9
416
329
96
336
20
48
23
59
28
61
146
202
22
30
331
21
91
77
407
47
32
24
8
18
2
8
8
14
6
16
18
11
1
3
26
6
5
6
23
7
130
88
33
56
14
14
19
25
10
25
47
39
2
17
102
15
36
18
118
24
107
75
28
73
11
15
21
21
14
25
34
50
2
12
58
7
28
11
70
9
715
253
86
242
35
41
33
54
38
131
148
174
13
44
525
38
86
66
848
53
66
51
24
35
4
5
10
20
7
23
38
17
1
11
41
1
21
12
61
13
