580
430
117
326
29
57
64
154
68
126
288
174
12
51
508
34
140
120
629
74
469
237
73
235
21
34
27
83
47
81
181
109
6
28
314
32
101
66
384
48
98
100
30
67
5
10
22
33
8
24
56
37
6
8
81
12
37
24
110
12
250
300
71
299
7
54
16
64
39
56
148
174
11
32
236
17
79
68
285
38
56
37
7
37
6
2
7
11
5
8
19
13
3
2
35
2
14
6
38
3
56
51
16
47
3
7
5
20
6
6
23
34
2
5
40
3
14
11
50
5
40
31
19
13
7
3
14
28
10
18
36
13
4
8
29
6
6
9
49
20
160
69
44
55
16
23
23
71
20
39
61
49
5
27
47
23
44
41
77
33
77
37
15
22
7
12
9
32
6
21
27
17
4
8
30
4
17
8
39
10
132
74
19
60
8
11
16
64
11
38
53
40
4
18
85
17
27
31
94
20
274
173
57
142
20
33
27
92
29
60
108
107
6
20
158
25
48
55
185
37
190
164
33
159
4
30
16
47
24
35
104
106
9
10
175
8
41
42
203
25
16
17
1
9
2
1
3
4
0
3
7
10
1
0
17
1
4
4
13
4
73
30
12
19
8
4
6
13
6
21
24
16
1
11
45
2
16
9
47
7
466
318
93
337
17
45
25
64
28
66
205
216
20
32
355
28
102
75
395
38
30
30
12
19
3
7
11
17
10
14
27
13
1
6
23
6
6
9
24
6
136
102
30
62
7
13
17
24
20
29
47
45
1
18
108
8
25
19
115
26
102
76
30
74
10
15
15
21
14
22
33
51
3
11
62
3
28
15
66
18
724
269
80
236
34
41
29
58
39
137
175
185
18
65
544
40
81
53
859
50
73
45
25
32
6
4
11
28
12
18
36
18
1
10
39
3
29
8
74
13
