0.63135593220339
0.463983050847458
0.136652542372881
0.363347457627119
0.0317796610169492
0.0677966101694915
0.0773305084745763
0.152542372881356
0.076271186440678
0.143008474576271
0.324152542372881
0.216101694915254
0.013771186440678
0.0550847457627119
0.527542372881356
0.0466101694915254
0.153601694915254
0.138771186440678
0.69385593220339
0.0815677966101695
0.471398305084746
0.282838983050847
0.0974576271186441
0.247881355932203
0.0264830508474576
0.038135593220339
0.0391949152542373
0.0963983050847458
0.0540254237288136
0.0773305084745763
0.203389830508475
0.129237288135593
0.00953389830508475
0.0370762711864407
0.370762711864407
0.0286016949152542
0.111228813559322
0.0773305084745763
0.454449152542373
0.0508474576271186
0.104872881355932
0.109110169491525
0.0307203389830508
0.0815677966101695
0.00317796610169492
0.0201271186440678
0.0222457627118644
0.0413135593220339
0.013771186440678
0.0233050847457627
0.0625
0.0540254237288136
0.00423728813559322
0.00953389830508475
0.0911016949152542
0.0105932203389831
0.0328389830508475
0.024364406779661
0.13135593220339
0.0190677966101695
0.301906779661017
0.323093220338983
0.0783898305084746
0.350635593220339
0.00953389830508475
0.0603813559322034
0.0190677966101695
0.0709745762711864
0.0402542372881356
0.0497881355932203
0.161016949152542
0.199152542372881
0.00741525423728814
0.0444915254237288
0.271186440677966
0.0201271186440678
0.0815677966101695
0.0741525423728814
0.352754237288136
0.038135593220339
0.0572033898305085
0.0370762711864407
0.00529661016949153
0.0296610169491525
0.00423728813559322
0.00635593220338983
0.00953389830508475
0.0116525423728814
0.00317796610169492
0.00953389830508475
0.0233050847457627
0.0201271186440678
0.00211864406779661
0.00423728813559322
0.0349576271186441
0.00317796610169492
0.00847457627118644
0.00529661016949153
0.0497881355932203
0.00529661016949153
0.0603813559322034
0.0572033898305085
0.0201271186440678
0.048728813559322
0.00317796610169492
0.00847457627118644
0.00741525423728814
0.0201271186440678
0.00847457627118644
0.0105932203389831
0.0317796610169492
0.0296610169491525
0.00317796610169492
0.00529661016949153
0.0593220338983051
0.00317796610169492
0.0190677966101695
0.013771186440678
0.0625
0.00423728813559322
0.0519067796610169
0.0466101694915254
0.0222457627118644
0.0158898305084746
0.00635593220338983
0.00423728813559322
0.0169491525423729
0.038135593220339
0.013771186440678
0.0180084745762712
0.0360169491525424
0.0233050847457627
0.00211864406779661
0.0127118644067797
0.0296610169491525
0.00317796610169492
0.0148305084745763
0.0127118644067797
0.0444915254237288
0.0190677966101695
0.172669491525424
0.0667372881355932
0.0423728813559322
0.0614406779661017
0.0201271186440678
0.0296610169491525
0.0254237288135593
0.0921610169491525
0.0211864406779661
0.0391949152542373
0.0677966101694915
0.0497881355932203
0.00529661016949153
0.0264830508474576
0.0709745762711864
0.024364406779661
0.048728813559322
0.038135593220339
0.103813559322034
0.0328389830508475
0.0773305084745763
0.048728813559322
0.0158898305084746
0.024364406779661
0.00635593220338983
0.0116525423728814
0.0105932203389831
0.0307203389830508
0.00529661016949153
0.0222457627118644
0.0307203389830508
0.0222457627118644
0.00317796610169492
0.00847457627118644
0.0328389830508475
0.00953389830508475
0.0190677966101695
0.00953389830508475
0.0466101694915254
0.00635593220338983
0.150423728813559
0.0879237288135593
0.0275423728813559
0.0730932203389831
0.00635593220338983
0.0105932203389831
0.0169491525423729
0.0603813559322034
0.0180084745762712
0.0413135593220339
0.0529661016949153
0.0413135593220339
0.00529661016949153
0.0158898305084746
0.0847457627118644
0.013771186440678
0.0286016949152542
0.0254237288135593
0.111228813559322
0.0158898305084746
0.295550847457627
0.199152542372881
0.0593220338983051
0.139830508474576
0.0158898305084746
0.0402542372881356
0.0338983050847458
0.0985169491525424
0.0296610169491525
0.0688559322033898
0.11864406779661
0.108050847457627
0.00847457627118644
0.0254237288135593
0.172669491525424
0.0286016949152542
0.0476694915254237
0.0720338983050847
0.210805084745763
0.0391949152542373
0.194915254237288
0.186440677966102
0.0466101694915254
0.189618644067797
0.00953389830508475
0.0275423728813559
0.0169491525423729
0.0603813559322034
0.0264830508474576
0.0476694915254237
0.117584745762712
0.11864406779661
0.0116525423728814
0.013771186440678
0.213983050847458
0.00847457627118644
0.0593220338983051
0.0540254237288136
0.235169491525424
0.0180084745762712
0.0158898305084746
0.0127118644067797
0.00105932203389831
0.00953389830508475
0.00105932203389831
0.00105932203389831
0.00105932203389831
0.00741525423728814
0.00105932203389831
0.00317796610169492
0.00847457627118644
0.0116525423728814
0.00105932203389831
0.00105932203389831
0.0158898305084746
0
0.00317796610169492
0.00635593220338983
0.0127118644067797
0.00529661016949153
0.0783898305084746
0.0402542372881356
0.0169491525423729
0.0233050847457627
0.00635593220338983
0.00635593220338983
0.0105932203389831
0.0158898305084746
0.00741525423728814
0.0148305084745763
0.0296610169491525
0.0201271186440678
0.00105932203389831
0.00847457627118644
0.048728813559322
0.00423728813559322
0.0148305084745763
0.0116525423728814
0.0540254237288136
0.0105932203389831
0.485169491525424
0.38771186440678
0.101694915254237
0.409957627118644
0.0201271186440678
0.0561440677966102
0.0286016949152542
0.076271186440678
0.0307203389830508
0.0794491525423729
0.219279661016949
0.265889830508475
0.0180084745762712
0.038135593220339
0.396186440677966
0.0286016949152542
0.117584745762712
0.0805084745762712
0.45021186440678
0.0497881355932203
0.0370762711864407
0.0370762711864407
0.0116525423728814
0.0180084745762712
0.00211864406779661
0.00635593220338983
0.00953389830508475
0.0169491525423729
0.00847457627118644
0.0201271186440678
0.0286016949152542
0.0158898305084746
0.00105932203389831
0.00529661016949153
0.0296610169491525
0.00423728813559322
0.00529661016949153
0.00953389830508475
0.0264830508474576
0.00529661016949153
0.164194915254237
0.106991525423729
0.0254237288135593
0.0688559322033898
0.0105932203389831
0.0158898305084746
0.024364406779661
0.0286016949152542
0.0158898305084746
0.0307203389830508
0.0540254237288136
0.0402542372881356
0.00211864406779661
0.0190677966101695
0.128177966101695
0.0105932203389831
0.0349576271186441
0.0233050847457627
0.127118644067797
0.024364406779661
0.113347457627119
0.0826271186440678
0.0307203389830508
0.0826271186440678
0.00741525423728814
0.0169491525423729
0.0169491525423729
0.024364406779661
0.0127118644067797
0.0222457627118644
0.0370762711864407
0.0582627118644068
0.00211864406779661
0.0201271186440678
0.0709745762711864
0.00635593220338983
0.0328389830508475
0.0105932203389831
0.0953389830508475
0.0127118644067797
0.871822033898305
0.291313559322034
0.101694915254237
0.286016949152542
0.038135593220339
0.0444915254237288
0.0338983050847458
0.0720338983050847
0.0455508474576271
0.152542372881356
0.172669491525424
0.213983050847458
0.0158898305084746
0.0635593220338983
0.650423728813559
0.038135593220339
0.108050847457627
0.0582627118644068
1
0.0625
0.0773305084745763
0.0476694915254237
0.0254237288135593
0.038135593220339
0.00529661016949153
0.00635593220338983
0.0116525423728814
0.024364406779661
0.00953389830508475
0.0148305084745763
0.0338983050847458
0.0222457627118644
0.00211864406779661
0.00953389830508475
0.0466101694915254
0.00741525423728814
0.0211864406779661
0.013771186440678
0.0815677966101695
0.0105932203389831
