0.682808716707022
0.509685230024213
0.147699757869249
0.400726392251816
0.0314769975786925
0.0774818401937046
0.0883777239709443
0.193704600484261
0.076271186440678
0.148910411622276
0.369249394673124
0.215496368038741
0.0181598062953995
0.0774818401937046
0.623486682808717
0.0460048426150121
0.185230024213075
0.142857142857143
0.709443099273608
0.0823244552058111
0.539951573849879
0.279661016949153
0.101694915254237
0.25544794188862
0.0338983050847458
0.0447941888619855
0.0387409200968523
0.119854721549637
0.0653753026634383
0.0883777239709443
0.210653753026634
0.139225181598063
0.00847457627118644
0.036319612590799
0.412832929782082
0.0314769975786925
0.11501210653753
0.0895883777239709
0.446731234866828
0.0593220338983051
0.116222760290557
0.12590799031477
0.0326876513317191
0.0871670702179177
0.00968523002421308
0.0157384987893462
0.0314769975786925
0.0556900726392252
0.0217917675544794
0.0302663438256659
0.0726392251815981
0.0665859564164649
0.00484261501210654
0.0181598062953995
0.0895883777239709
0.0108958837772397
0.0460048426150121
0.0290556900726392
0.14043583535109
0.0205811138014528
0.335351089588378
0.326876513317191
0.0799031476997579
0.36319612590799
0.00847457627118644
0.062953995157385
0.0254237288135593
0.0774818401937046
0.0544794188861985
0.0702179176755448
0.179176755447942
0.197336561743341
0.0181598062953995
0.0423728813559322
0.292978208232446
0.0193704600484262
0.0883777239709443
0.0835351089588378
0.322033898305085
0.0375302663438257
0.0738498789346247
0.0423728813559322
0.0121065375302663
0.0411622276029056
0.00726392251815981
0.00605326876513317
0.00605326876513317
0.0205811138014528
0.0108958837772397
0.0145278450363196
0.0326876513317191
0.0205811138014528
0.00242130750605327
0.00605326876513317
0.0544794188861985
0.0036319612590799
0.013317191283293
0.00847457627118644
0.0508474576271186
0.00484261501210654
0.0593220338983051
0.0641646489104116
0.0230024213075061
0.0641646489104116
0.0036319612590799
0.00605326876513317
0.00484261501210654
0.0230024213075061
0.0121065375302663
0.013317191283293
0.0423728813559322
0.0375302663438257
0.00242130750605327
0.00726392251815981
0.0556900726392252
0.0036319612590799
0.0181598062953995
0.013317191283293
0.0532687651331719
0.00726392251815981
0.0702179176755448
0.0508474576271186
0.0290556900726392
0.0217917675544794
0.00847457627118644
0.0036319612590799
0.0193704600484262
0.0423728813559322
0.0181598062953995
0.0230024213075061
0.0338983050847458
0.0254237288135593
0.00605326876513317
0.0108958837772397
0.0290556900726392
0.00484261501210654
0.0254237288135593
0.0181598062953995
0.0617433414043584
0.0193704600484262
0.188861985472155
0.0811138014527845
0.0556900726392252
0.0617433414043584
0.0242130750605327
0.0230024213075061
0.0351089588377724
0.0944309927360775
0.0338983050847458
0.0532687651331719
0.0811138014527845
0.0653753026634383
0.00847457627118644
0.036319612590799
0.0677966101694915
0.0278450363196126
0.0556900726392252
0.049636803874092
0.108958837772397
0.0351089588377724
0.113801452784504
0.0411622276029056
0.0181598062953995
0.0338983050847458
0.00726392251815981
0.0145278450363196
0.0169491525423729
0.0314769975786925
0.00968523002421308
0.026634382566586
0.0387409200968523
0.026634382566586
0.00847457627118644
0.0145278450363196
0.0460048426150121
0.00726392251815981
0.0230024213075061
0.0145278450363196
0.0508474576271186
0.0145278450363196
0.147699757869249
0.0920096852300242
0.0338983050847458
0.076271186440678
0.0157384987893462
0.0121065375302663
0.026634382566586
0.0702179176755448
0.0217917675544794
0.0508474576271186
0.0714285714285714
0.0411622276029056
0.00484261501210654
0.0217917675544794
0.0932203389830508
0.0205811138014528
0.0351089588377724
0.0411622276029056
0.112590799031477
0.0254237288135593
0.342615012106538
0.196125907990315
0.0835351089588378
0.165859564164649
0.0242130750605327
0.036319612590799
0.0411622276029056
0.117433414043584
0.0399515738498789
0.0883777239709443
0.142857142857143
0.106537530266344
0.00726392251815981
0.0326876513317191
0.219128329297821
0.0254237288135593
0.0653753026634383
0.0605326876513317
0.228813559322034
0.0460048426150121
0.226392251815981
0.200968523002421
0.0508474576271186
0.176755447941889
0.013317191283293
0.0302663438256659
0.0205811138014528
0.0520581113801453
0.0278450363196126
0.0447941888619855
0.139225181598063
0.123486682808717
0.013317191283293
0.0193704600484262
0.202179176755448
0.00968523002421308
0.0508474576271186
0.0520581113801453
0.226392251815981
0.0254237288135593
0.0278450363196126
0.0157384987893462
0.00605326876513317
0.0108958837772397
0
0
0.00242130750605327
0.00726392251815981
0
0.00605326876513317
0.00726392251815981
0.00968523002421308
0.00121065375302663
0.00121065375302663
0.0230024213075061
0
0.00605326876513317
0.00605326876513317
0.0242130750605327
0.00484261501210654
0.0932203389830508
0.0484261501210654
0.0217917675544794
0.026634382566586
0.0108958837772397
0.0036319612590799
0.0145278450363196
0.0181598062953995
0.00484261501210654
0.0290556900726392
0.036319612590799
0.0217917675544794
0.00242130750605327
0.0145278450363196
0.0472154963680387
0.00484261501210654
0.0230024213075061
0.0121065375302663
0.0665859564164649
0.0121065375302663
0.595641646489104
0.405569007263923
0.131961259079903
0.409200968523002
0.0314769975786925
0.0617433414043584
0.0326876513317191
0.0811138014527845
0.0447941888619855
0.0690072639225182
0.223970944309927
0.2590799031477
0.0290556900726392
0.0423728813559322
0.418886198547215
0.0411622276029056
0.124697336561743
0.0835351089588378
0.476997578692494
0.0544794188861985
0.0447941888619855
0.0399515738498789
0.013317191283293
0.0181598062953995
0.0036319612590799
0.00847457627118644
0.0108958837772397
0.0145278450363196
0.00847457627118644
0.0205811138014528
0.0254237288135593
0.0230024213075061
0.00121065375302663
0.00726392251815981
0.0290556900726392
0.00968523002421308
0.00968523002421308
0.00726392251815981
0.0314769975786925
0.00847457627118644
0.161016949152542
0.131961259079903
0.0314769975786925
0.0835351089588378
0.0205811138014528
0.0217917675544794
0.0314769975786925
0.0399515738498789
0.0157384987893462
0.0399515738498789
0.0617433414043584
0.0556900726392252
0.00242130750605327
0.0193704600484262
0.13317191283293
0.0145278450363196
0.0399515738498789
0.0254237288135593
0.13680387409201
0.0326876513317191
0.11138014527845
0.105326876513317
0.0351089588377724
0.0835351089588378
0.0157384987893462
0.0254237288135593
0.026634382566586
0.0230024213075061
0.0205811138014528
0.0254237288135593
0.0532687651331719
0.0520581113801453
0.00484261501210654
0.0145278450363196
0.0714285714285714
0.00484261501210654
0.0435835351089588
0.0205811138014528
0.0968523002421307
0.0157384987893462
0.835351089588378
0.318401937046005
0.0956416464891041
0.265133171912833
0.0460048426150121
0.0484261501210654
0.0375302663438257
0.0714285714285714
0.0581113801452785
0.150121065375303
0.209443099273608
0.191283292978208
0.0157384987893462
0.0738498789346247
0.673123486682809
0.0460048426150121
0.100484261501211
0.085956416464891
1
0.0714285714285714
0.0883777239709443
0.0556900726392252
0.0290556900726392
0.0447941888619855
0.00605326876513317
0.013317191283293
0.0108958837772397
0.0351089588377724
0.013317191283293
0.0230024213075061
0.0423728813559322
0.0278450363196126
0.00121065375302663
0.0169491525423729
0.0411622276029056
0.00484261501210654
0.036319612590799
0.0108958837772397
0.076271186440678
0.0121065375302663
