521
379
110
291
23
54
67
146
56
114
276
162
11
47
435
34
122
108
557
78
398
219
59
209
20
36
31
70
50
67
150
93
9
29
313
29
86
60
312
49
91
93
33
64
4
11
23
38
10
22
45
39
6
11
71
9
24
23
110
17
247
251
57
271
6
47
22
62
31
55
129
159
10
24
209
16
64
45
282
28
50
32
5
31
8
4
7
14
4
6
17
14
2
5
37
4
5
5
41
2
45
45
15
39
3
5
5
23
9
17
27
20
0
4
35
5
13
4
44
3
45
43
17
15
7
3
12
37
14
14
32
19
2
11
26
5
16
12
38
13
144
60
40
55
15
22
28
79
12
33
63
42
5
26
48
18
46
33
82
28
68
35
18
31
6
9
6
26
9
17
22
18
4
10
30
6
11
9
39
5
113
67
24
57
7
5
17
49
13
42
59
38
4
16
66
14
21
29
89
16
249
156
57
112
14
25
33
79
31
60
98
83
5
23
152
21
44
45
164
38
177
165
29
127
11
17
19
39
23
33
89
99
10
10
150
6
44
34
173
18
19
14
2
8
1
1
2
7
0
1
8
7
2
1
19
1
3
3
17
3
69
24
12
20
7
3
11
18
9
18
22
18
2
7
35
5
19
8
44
11
407
267
98
315
17
49
22
53
29
63
178
180
19
26
309
26
83
75
389
36
33
21
10
21
4
8
9
14
7
12
24
14
1
6
25
5
6
7
24
5
126
91
25
53
9
9
22
22
16
28
41
38
4
18
93
7
29
19
93
19
81
76
28
53
11
10
12
16
16
21
28
47
5
17
55
5
23
10
66
14
670
215
85
215
24
37
24
60
30
114
149
170
17
59
509
35
83
60
792
57
61
48
25
33
5
7
9
27
10
11
32
16
1
12
30
6
27
9
71
10
