0.59802847754655
0.434830230010953
0.130339539978094
0.348302300109529
0.0197152245345016
0.0657174151150055
0.0690032858707558
0.151150054764513
0.0624315443592552
0.129244249726177
0.27710843373494
0.203723986856517
0.0164293537787514
0.0514786418400876
0.524644030668127
0.0394304490690033
0.141292442497262
0.122672508214677
0.691128148959474
0.076670317634173
0.444687842278204
0.23986856516977
0.0854326396495071
0.231106243154436
0.0284775465498357
0.036144578313253
0.0328587075575027
0.0854326396495071
0.0427163198247536
0.072289156626506
0.170865279299014
0.12157721796276
0.00438116100766703
0.0273822562979189
0.36144578313253
0.0328587075575027
0.0963855421686747
0.0755750273822563
0.392113910186199
0.0525739320920044
0.0920043811610077
0.107338444687842
0.0240963855421687
0.0865279299014239
0.00328587075575027
0.0142387732749179
0.0142387732749179
0.0394304490690033
0.0142387732749179
0.0240963855421687
0.0536692223439211
0.0536692223439211
0.00547645125958379
0.0120481927710843
0.0832420591456736
0.00766703176341731
0.0372398685651698
0.0284775465498357
0.130339539978094
0.0186199342825849
0.304490690032859
0.31434830230011
0.0711938663745893
0.351588170865279
0.00657174151150055
0.0591456736035049
0.0186199342825849
0.063526834611172
0.0372398685651698
0.0646221248630887
0.15553121577218
0.201533406352683
0.0120481927710843
0.0350492880613363
0.254107338444688
0.0230010952902519
0.0854326396495071
0.0700985761226725
0.336254107338445
0.0394304490690033
0.0503833515881709
0.0251916757940854
0.00219058050383352
0.0449069003285871
0.00766703176341731
0.00547645125958379
0.00328587075575027
0.0131434830230011
0.00438116100766703
0.00985761226725082
0.0153340635268346
0.0197152245345016
0.00219058050383352
0.00438116100766703
0.0416210295728368
0.00657174151150055
0.0120481927710843
0.00766703176341731
0.0394304490690033
0.00219058050383352
0.0569550930996714
0.0525739320920044
0.0219058050383352
0.0470974808324206
0.00328587075575027
0.00547645125958379
0.00876232201533406
0.0262869660460022
0.00438116100766703
0.00876232201533406
0.04052573932092
0.0262869660460022
0.00328587075575027
0.00219058050383352
0.0460021905805038
0.00438116100766703
0.00985761226725082
0.00985761226725082
0.0525739320920044
0.00547645125958379
0.0328587075575027
0.036144578313253
0.0131434830230011
0.0142387732749179
0.00438116100766703
0.00438116100766703
0.00985761226725082
0.0306681270536692
0.0131434830230011
0.0142387732749179
0.0262869660460022
0.0175246440306681
0.00328587075575027
0.00985761226725082
0.0273822562979189
0.00328587075575027
0.0109529025191676
0.00876232201533406
0.0492880613362541
0.0131434830230011
0.154435925520263
0.0690032858707558
0.0350492880613363
0.063526834611172
0.0175246440306681
0.0284775465498357
0.0251916757940854
0.0602409638554217
0.0186199342825849
0.0295728368017525
0.0580503833515882
0.0492880613362541
0.00438116100766703
0.0284775465498357
0.0624315443592552
0.0284775465498357
0.0427163198247536
0.031763417305586
0.0887185104052574
0.0339539978094195
0.0876232201533406
0.0284775465498357
0.0175246440306681
0.0306681270536692
0.00547645125958379
0.0120481927710843
0.00985761226725082
0.0328587075575027
0.00657174151150055
0.0153340635268346
0.0284775465498357
0.0142387732749179
0.00219058050383352
0.00876232201533406
0.0339539978094195
0.0109529025191676
0.0197152245345016
0.00766703176341731
0.0383351588170865
0.00657174151150055
0.128148959474261
0.072289156626506
0.0208105147864184
0.0733844468784228
0.00766703176341731
0.00876232201533406
0.0153340635268346
0.0668127053669222
0.0175246440306681
0.0449069003285871
0.0602409638554217
0.04052573932092
0.00438116100766703
0.0153340635268346
0.0832420591456736
0.0175246440306681
0.0219058050383352
0.0240963855421687
0.0974808324205915
0.0164293537787514
0.261774370208105
0.171960569550931
0.0525739320920044
0.134720700985761
0.0197152245345016
0.0372398685651698
0.0240963855421687
0.0832420591456736
0.0306681270536692
0.0624315443592552
0.113910186199343
0.0952902519167579
0.00547645125958379
0.0175246440306681
0.166484118291347
0.0219058050383352
0.0427163198247536
0.0470974808324206
0.204819277108434
0.0416210295728368
0.198247535596933
0.188389923329682
0.0503833515881709
0.15553121577218
0.0109529025191676
0.0230010952902519
0.0164293537787514
0.0460021905805038
0.0295728368017525
0.0339539978094195
0.101861993428258
0.117196056955093
0.00657174151150055
0.00985761226725082
0.192771084337349
0.00876232201533406
0.0427163198247536
0.0460021905805038
0.227820372398686
0.0284775465498357
0.0142387732749179
0.00876232201533406
0.00109529025191676
0.0109529025191676
0.00109529025191676
0.00328587075575027
0.00109529025191676
0.00547645125958379
0
0.00328587075575027
0.00547645125958379
0.00876232201533406
0.00219058050383352
0.00219058050383352
0.0208105147864184
0
0.00438116100766703
0.00547645125958379
0.0120481927710843
0.00547645125958379
0.067907995618839
0.0262869660460022
0.0197152245345016
0.0164293537787514
0.00547645125958379
0.00766703176341731
0.00657174151150055
0.0153340635268346
0.00876232201533406
0.0164293537787514
0.0219058050383352
0.0164293537787514
0.00438116100766703
0.00985761226725082
0.0449069003285871
0.00328587075575027
0.0230010952902519
0.00766703176341731
0.0569550930996714
0.00876232201533406
0.506024096385542
0.327491785323111
0.116100766703176
0.406352683461117
0.0197152245345016
0.0503833515881709
0.0273822562979189
0.0602409638554217
0.0240963855421687
0.0646221248630887
0.193866374589266
0.242059145673604
0.0186199342825849
0.0328587075575027
0.376779846659365
0.0262869660460022
0.0963855421686747
0.0821467688937568
0.453450164293538
0.0449069003285871
0.0328587075575027
0.0339539978094195
0.0153340635268346
0.0230010952902519
0.00328587075575027
0.00876232201533406
0.00985761226725082
0.0197152245345016
0.0120481927710843
0.0175246440306681
0.0240963855421687
0.0153340635268346
0.00109529025191676
0.00657174151150055
0.0339539978094195
0.00438116100766703
0.00876232201533406
0.00657174151150055
0.0262869660460022
0.00547645125958379
0.135815991237678
0.105147864184009
0.0273822562979189
0.0690032858707558
0.00876232201533406
0.0142387732749179
0.0120481927710843
0.0240963855421687
0.0131434830230011
0.0328587075575027
0.0558598028477547
0.0438116100766703
0.00219058050383352
0.0153340635268346
0.0985761226725082
0.0131434830230011
0.0262869660460022
0.0120481927710843
0.129244249726177
0.0219058050383352
0.106243154435926
0.0744797371303395
0.031763417305586
0.0788608981380066
0.00657174151150055
0.0109529025191676
0.00657174151150055
0.0153340635268346
0.0164293537787514
0.0262869660460022
0.0394304490690033
0.0481927710843374
0.00328587075575027
0.0208105147864184
0.0580503833515882
0.00657174151150055
0.0251916757940854
0.0153340635268346
0.0876232201533406
0.00876232201533406
0.826944140197152
0.290251916757941
0.100766703176342
0.281489594742607
0.0328587075575027
0.04052573932092
0.0251916757940854
0.0657174151150055
0.0449069003285871
0.152245345016429
0.161007667031763
0.177437020810515
0.0131434830230011
0.0657174151150055
0.622124863088719
0.0438116100766703
0.0941949616648412
0.0711938663745893
1
0.0547645125958379
0.0821467688937568
0.04052573932092
0.0186199342825849
0.0416210295728368
0.00547645125958379
0.00438116100766703
0.00657174151150055
0.0251916757940854
0.0164293537787514
0.0164293537787514
0.0339539978094195
0.0230010952902519
0.00219058050383352
0.0120481927710843
0.0427163198247536
0.00657174151150055
0.0240963855421687
0.00876232201533406
0.0733844468784228
0.00876232201533406
