0.629050279329609
0.475977653631285
0.134078212290503
0.357541899441341
0.0256983240223464
0.0748603351955307
0.0782122905027933
0.167597765363128
0.0782122905027933
0.136312849162011
0.294972067039106
0.208938547486034
0.0134078212290503
0.046927374301676
0.545251396648045
0.041340782122905
0.156424581005587
0.134078212290503
0.713966480446927
0.0983240223463687
0.467039106145251
0.25586592178771
0.0726256983240224
0.239106145251397
0.0245810055865922
0.0290502793296089
0.0424581005586592
0.120670391061453
0.046927374301676
0.0849162011173184
0.184357541899441
0.129608938547486
0.00893854748603352
0.0324022346368715
0.376536312849162
0.0335195530726257
0.119553072625698
0.0927374301675978
0.441340782122905
0.0536312849162011
0.100558659217877
0.126256983240223
0.0312849162011173
0.0871508379888268
0.00335195530726257
0.0145251396648045
0.0245810055865922
0.0569832402234637
0.0245810055865922
0.023463687150838
0.0581005586592179
0.0458100558659218
0.00893854748603352
0.0145251396648045
0.0815642458100559
0.0100558659217877
0.0502793296089385
0.0357541899441341
0.124022346368715
0.0167597765363128
0.284916201117318
0.33072625698324
0.0804469273743017
0.332960893854749
0.00558659217877095
0.0592178770949721
0.0189944134078212
0.0681564245810056
0.041340782122905
0.0592178770949721
0.156424581005587
0.189944134078212
0.0134078212290503
0.0346368715083799
0.26927374301676
0.0245810055865922
0.0849162011173184
0.0759776536312849
0.353072625698324
0.041340782122905
0.0636871508379888
0.0268156424581006
0.0100558659217877
0.041340782122905
0.00670391061452514
0.00111731843575419
0.00670391061452514
0.017877094972067
0.0100558659217877
0.0111731843575419
0.0145251396648045
0.0256983240223464
0.00223463687150838
0.00446927374301676
0.0391061452513966
0.00558659217877095
0.0145251396648045
0.00558659217877095
0.0458100558659218
0.00111731843575419
0.0614525139664804
0.0402234636871508
0.017877094972067
0.064804469273743
0.00558659217877095
0.00670391061452514
0.00782122905027933
0.023463687150838
0.0122905027932961
0.00893854748603352
0.0256983240223464
0.0335195530726257
0.00446927374301676
0.00223463687150838
0.046927374301676
0.00223463687150838
0.0156424581005587
0.0122905027932961
0.0513966480446927
0.00558659217877095
0.0547486033519553
0.0458100558659218
0.0290502793296089
0.0122905027932961
0.00782122905027933
0.00335195530726257
0.0156424581005587
0.041340782122905
0.0156424581005587
0.0167597765363128
0.0301675977653631
0.0223463687150838
0.00223463687150838
0.0100558659217877
0.0357541899441341
0.00335195530726257
0.017877094972067
0.0145251396648045
0.0502793296089385
0.0189944134078212
0.193296089385475
0.0759776536312849
0.0513966480446927
0.0670391061452514
0.0189944134078212
0.0201117318435754
0.0301675977653631
0.093854748603352
0.0223463687150838
0.0502793296089385
0.0737430167597765
0.0569832402234637
0.00335195530726257
0.0268156424581006
0.0770949720670391
0.0223463687150838
0.0614525139664804
0.0424581005586592
0.105027932960894
0.0324022346368715
0.0815642458100559
0.0402234636871508
0.017877094972067
0.0324022346368715
0.00558659217877095
0.00893854748603352
0.0111731843575419
0.0312849162011173
0.00782122905027933
0.0223463687150838
0.0301675977653631
0.0301675977653631
0.00335195530726257
0.0145251396648045
0.0346368715083799
0.00893854748603352
0.0212290502793296
0.0134078212290503
0.0547486033519553
0.00670391061452514
0.154189944134078
0.0871508379888268
0.0279329608938547
0.0726256983240224
0.0100558659217877
0.0122905027932961
0.0223463687150838
0.070391061452514
0.0256983240223464
0.041340782122905
0.0525139664804469
0.041340782122905
0.00558659217877095
0.0156424581005587
0.0860335195530726
0.0156424581005587
0.0335195530726257
0.0301675977653631
0.113966480446927
0.023463687150838
0.283798882681564
0.174301675977654
0.0659217877094972
0.147486033519553
0.0167597765363128
0.023463687150838
0.0346368715083799
0.0927374301675978
0.0335195530726257
0.0692737430167598
0.108379888268156
0.0949720670391061
0.00893854748603352
0.0256983240223464
0.154189944134078
0.0256983240223464
0.0569832402234637
0.0502793296089385
0.210055865921788
0.0435754189944134
0.210055865921788
0.198882681564246
0.0558659217877095
0.179888268156425
0.00893854748603352
0.0279329608938547
0.0212290502793296
0.0525139664804469
0.0167597765363128
0.0402234636871508
0.116201117318436
0.112849162011173
0.00670391061452514
0.0134078212290503
0.188826815642458
0.00782122905027933
0.0536312849162011
0.0435754189944134
0.214525139664804
0.0223463687150838
0.0212290502793296
0.0145251396648045
0.00223463687150838
0.0100558659217877
0.00111731843575419
0.00223463687150838
0.00111731843575419
0.00558659217877095
0
0.00558659217877095
0.00558659217877095
0.0100558659217877
0.00111731843575419
0.00111731843575419
0.0201117318435754
0.00111731843575419
0.00335195530726257
0.00111731843575419
0.0156424581005587
0.00446927374301676
0.0793296089385475
0.0346368715083799
0.0189944134078212
0.0201117318435754
0.00558659217877095
0.00558659217877095
0.0134078212290503
0.0145251396648045
0.0111731843575419
0.0212290502793296
0.0245810055865922
0.017877094972067
0.00111731843575419
0.0122905027932961
0.0379888268156425
0.00335195530726257
0.017877094972067
0.0100558659217877
0.046927374301676
0.0111731843575419
0.505027932960894
0.350837988826816
0.109497206703911
0.382122905027933
0.023463687150838
0.0592178770949721
0.023463687150838
0.0837988826815642
0.0268156424581006
0.0905027932960894
0.217877094972067
0.241340782122905
0.0245810055865922
0.0368715083798883
0.418994413407821
0.0223463687150838
0.107262569832402
0.0793296089385475
0.450279329608939
0.0480446927374302
0.0391061452513966
0.0301675977653631
0.017877094972067
0.017877094972067
0.00111731843575419
0.00893854748603352
0.0100558659217877
0.0167597765363128
0.0100558659217877
0.0212290502793296
0.0201117318435754
0.0167597765363128
0.00111731843575419
0.00558659217877095
0.0368715083798883
0.00670391061452514
0.00782122905027933
0.00558659217877095
0.0290502793296089
0.00223463687150838
0.166480446927374
0.11731843575419
0.0301675977653631
0.0715083798882682
0.017877094972067
0.0189944134078212
0.023463687150838
0.0346368715083799
0.0189944134078212
0.041340782122905
0.0558659217877095
0.046927374301676
0.00223463687150838
0.0201117318435754
0.11731843575419
0.0100558659217877
0.0391061452513966
0.0268156424581006
0.131843575418994
0.0335195530726257
0.111731843575419
0.0770949720670391
0.0357541899441341
0.0748603351955307
0.0134078212290503
0.017877094972067
0.0212290502793296
0.0268156424581006
0.0201117318435754
0.0312849162011173
0.0435754189944134
0.0446927374301676
0.00335195530726257
0.0201117318435754
0.0759776536312849
0.00670391061452514
0.0379888268156425
0.0212290502793296
0.0837988826815642
0.0145251396648045
0.837988826815642
0.320670391061453
0.110614525139665
0.272625698324022
0.0435754189944134
0.0502793296089385
0.0335195530726257
0.070391061452514
0.0424581005586592
0.146368715083799
0.169832402234637
0.196648044692737
0.0122905027932961
0.0536312849162011
0.620111731843575
0.046927374301676
0.100558659217877
0.0815642458100559
1
0.0748603351955307
0.093854748603352
0.0458100558659218
0.0245810055865922
0.0435754189944134
0.00670391061452514
0.00558659217877095
0.00782122905027933
0.0357541899441341
0.0122905027932961
0.0223463687150838
0.041340782122905
0.0268156424581006
0.00111731843575419
0.017877094972067
0.0480446927374302
0.00782122905027933
0.0279329608938547
0.0100558659217877
0.0726256983240224
0.00782122905027933
