549
415
125
315
25
54
63
146
67
116
269
176
15
45
442
40
131
120
595
67
419
231
57
206
23
32
42
84
47
73
175
100
9
20
316
28
95
68
363
40
103
108
29
88
6
15
25
54
17
21
56
35
5
11
85
9
34
29
116
11
244
296
76
292
8
46
17
61
30
51
150
169
14
28
239
16
68
53
302
31
53
29
9
39
6
3
5
13
7
7
16
17
1
6
35
5
10
6
36
2
59
48
20
45
1
8
6
18
7
9
27
25
3
4
40
5
15
8
44
3
45
41
24
11
10
2
13
28
14
14
21
17
3
10
29
4
18
10
40
14
151
56
49
54
14
20
25
82
13
40
65
46
5
23
61
18
50
38
108
33
62
34
16
30
4
9
7
29
7
17
25
19
3
10
31
4
16
6
35
6
115
71
30
66
6
10
19
56
17
38
47
26
5
14
69
11
29
20
98
18
243
158
60
128
13
27
24
97
20
56
96
80
6
20
148
27
41
44
190
31
185
160
42
161
10
24
14
34
16
35
86
99
4
12
165
6
39
38
174
22
14
15
5
7
1
2
3
6
1
3
7
9
0
1
18
1
2
2
11
3
58
21
16
24
5
4
9
12
5
20
23
20
2
8
47
3
12
6
42
10
433
281
98
343
23
53
15
68
28
63
183
214
17
37
297
30
74
63
405
48
36
25
14
20
3
4
8
16
5
12
19
22
1
5
31
7
5
5
24
4
122
97
35
48
11
17
19
30
14
34
37
35
2
14
91
4
30
24
108
19
97
69
31
67
9
14
20
22
14
20
37
36
4
17
55
4
22
11
66
12
738
247
105
223
29
48
29
67
34
121
138
164
13
53
541
38
82
71
825
59
70
40
20
27
7
6
5
29
7
15
34
18
1
9
40
7
23
8
66
9
