522
409
113
316
19
60
66
154
65
114
285
187
17
47
457
35
138
120
605
68
434
232
71
207
18
31
31
87
42
69
159
96
10
36
333
26
107
67
377
43
94
85
26
74
1
10
20
31
12
17
59
41
5
10
76
9
38
34
116
18
234
266
67
291
5
43
17
58
36
55
144
171
8
30
242
17
76
58
295
34
41
26
5
32
4
5
5
15
4
6
18
14
2
3
37
4
11
5
40
1
51
53
16
32
4
9
8
18
7
13
34
25
1
5
37
4
10
11
41
4
42
34
17
12
6
1
9
36
7
17
30
15
2
5
24
6
12
7
45
15
146
63
41
58
14
20
21
65
18
33
66
52
6
21
59
19
38
31
81
29
68
34
14
26
6
11
8
25
8
15
31
18
4
10
29
9
15
10
37
5
127
77
22
65
9
6
11
46
17
45
49
26
5
15
77
14
29
26
96
18
265
184
60
120
14
31
25
89
29
58
105
94
4
24
148
20
53
44
180
25
181
178
39
124
6
27
12
47
22
32
97
102
8
19
158
8
48
43
186
24
17
16
3
7
1
2
1
7
0
3
7
10
1
1
16
1
2
1
20
4
69
32
13
23
5
6
9
15
5
17
20
13
2
11
45
1
17
8
46
10
464
302
98
353
19
46
28
52
25
68
180
213
19
30
354
28
77
70
378
46
26
29
11
23
3
7
5
16
8
18
25
17
2
4
24
6
8
5
21
8
143
92
28
58
12
16
19
23
15
27
51
38
3
7
102
11
27
16
127
23
92
68
25
64
5
14
13
17
17
20
36
49
6
16
60
8
30
10
67
8
724
268
85
240
30
33
27
51
39
137
153
162
16
65
536
36
92
55
832
48
78
39
25
27
6
7
7
29
7
18
25
20
1
8
43
4
15
8
63
7
