557
388
105
294
23
55
54
133
64
109
249
162
12
46
458
45
118
111
574
69
416
213
63
206
16
30
25
66
41
79
134
109
4
15
332
27
80
73
363
46
79
95
27
75
2
16
19
40
11
22
58
37
2
9
76
9
37
27
97
15
254
264
75
305
6
41
19
56
31
50
149
164
7
28
219
18
60
58
287
32
47
28
5
33
7
3
6
13
5
7
15
14
1
1
39
3
9
6
39
3
47
44
19
38
1
7
6
15
3
12
26
25
0
4
38
5
15
10
45
5
44
37
12
15
5
3
16
28
12
15
28
8
2
8
25
5
14
10
38
13
134
63
30
61
8
17
30
67
12
39
59
35
6
21
63
20
47
30
81
32
66
24
16
18
7
8
11
32
4
15
26
17
2
10
32
9
11
8
35
6
113
65
24
64
6
8
15
62
11
40
53
31
3
20
77
9
25
18
94
16
229
146
59
108
15
27
26
87
23
57
97
87
8
20
148
21
44
42
170
34
163
175
41
152
8
24
13
34
20
31
81
111
6
10
151
0
41
41
179
21
14
8
3
7
2
0
1
5
0
2
6
6
1
1
14
2
3
4
11
3
63
31
16
16
7
5
6
15
6
15
23
13
3
5
34
2
14
9
40
11
421
318
93
339
22
48
27
60
24
50
174
228
17
36
332
26
83
55
408
37
39
29
14
16
4
4
9
18
7
15
17
18
0
4
26
6
5
8
20
7
114
81
29
62
9
12
11
17
14
32
39
35
4
13
94
10
23
16
107
26
83
68
22
61
7
19
13
18
21
15
43
31
4
14
59
6
19
12
68
11
695
242
77
233
31
37
24
62
39
135
138
158
9
56
549
35
74
55
791
49
68
36
25
26
7
4
7
28
9
16
34
14
2
13
40
8
32
4
61
9
