-0.370503597122302
-0.556354916067146
-0.856115107913669
-0.643884892086331
-0.97242206235012
-0.928057553956835
-0.91726618705036
-0.826139088729017
-0.920863309352518
-0.872901678657074
-0.679856115107914
-0.78537170263789
-0.985611510791367
-0.948441247002398
-0.432853717026379
-0.956834532374101
-0.834532374100719
-0.866906474820144
-0.315347721822542
-0.906474820143885
-0.497601918465228
-0.694244604316547
-0.918465227817746
-0.782973621103118
-0.962829736211031
-0.962829736211031
-0.965227817745803
-0.899280575539568
-0.946043165467626
-0.910071942446043
-0.794964028776978
-0.882494004796163
-0.990407673860911
-0.970023980815348
-0.615107913669065
-0.971223021582734
-0.887290167865707
-0.922062350119904
-0.593525179856115
-0.940047961630695
-0.907673860911271
-0.882494004796163
-0.966426858513189
-0.91726618705036
-0.991606714628297
-0.979616306954436
-0.977218225419664
-0.940047961630695
-0.982014388489209
-0.977218225419664
-0.936450839328537
-0.943645083932854
-0.99400479616307
-0.985611510791367
-0.910071942446043
-0.990407673860911
-0.949640287769784
-0.968824940047962
-0.872901678657074
-0.982014388489209
-0.721822541966427
-0.690647482014388
-0.910071942446043
-0.695443645083933
-0.995203836930456
-0.942446043165468
-0.983213429256595
-0.918465227817746
-0.952038369304556
-0.940047961630695
-0.815347721822542
-0.823741007194245
-0.990407673860911
-0.970023980815348
-0.741007194244604
-0.97841726618705
-0.926858513189448
-0.926858513189448
-0.663069544364508
-0.960431654676259
-0.938848920863309
-0.962829736211031
-0.995203836930456
-0.961630695443645
-0.99400479616307
-0.996402877697842
-0.99400479616307
-0.986810551558753
-0.991606714628297
-0.990407673860911
-0.97841726618705
-0.977218225419664
-0.998800959232614
-0.995203836930456
-0.964028776978417
-0.995203836930456
-0.990407673860911
-0.997601918465228
-0.947242206235012
-0.992805755395683
-0.931654676258993
-0.935251798561151
-0.984412470023981
-0.966426858513189
-0.996402877697842
-0.99400479616307
-0.995203836930456
-0.983213429256595
-0.990407673860911
-0.985611510791367
-0.965227817745803
-0.970023980815348
-0.996402877697842
-0.995203836930456
-0.955635491606715
-0.995203836930456
-0.988009592326139
-0.989208633093525
-0.949640287769784
-0.992805755395683
-0.926858513189448
-0.94484412470024
-0.982014388489209
-0.97841726618705
-0.996402877697842
-0.996402877697842
-0.984412470023981
-0.965227817745803
-0.982014388489209
-0.984412470023981
-0.965227817745803
-0.977218225419664
-0.998800959232614
-0.986810551558753
-0.970023980815348
-0.997601918465228
-0.973621103117506
-0.989208633093525
-0.954436450839328
-0.988009592326139
-0.822541966426859
-0.912470023980815
-0.960431654676259
-0.930455635491607
-0.982014388489209
-0.973621103117506
-0.964028776978417
-0.899280575539568
-0.973621103117506
-0.955635491606715
-0.92326139088729
-0.942446043165468
-0.992805755395683
-0.966426858513189
-0.916067146282974
-0.97841726618705
-0.947242206235012
-0.952038369304556
-0.900479616306954
-0.966426858513189
-0.913669064748201
-0.958033573141487
-0.985611510791367
-0.965227817745803
-0.992805755395683
-0.986810551558753
-0.984412470023981
-0.962829736211031
-0.989208633093525
-0.974820143884892
-0.964028776978417
-0.979616306954436
-0.995203836930456
-0.988009592326139
-0.962829736211031
-0.991606714628297
-0.977218225419664
-0.985611510791367
-0.942446043165468
-0.988009592326139
-0.84052757793765
-0.908872901678657
-0.967625899280576
-0.934052757793765
-0.986810551558753
-0.996402877697842
-0.974820143884892
-0.925659472422062
-0.974820143884892
-0.958033573141487
-0.952038369304556
-0.965227817745803
-0.99400479616307
-0.982014388489209
-0.908872901678657
-0.988009592326139
-0.979616306954436
-0.97242206235012
-0.877697841726619
-0.977218225419664
-0.673860911270983
-0.803357314148681
-0.938848920863309
-0.845323741007194
-0.983213429256595
-0.971223021582734
-0.961630695443645
-0.88968824940048
-0.966426858513189
-0.914868105515588
-0.865707434052758
-0.902877697841727
-0.99400479616307
-0.973621103117506
-0.797362110311751
-0.971223021582734
-0.954436450839328
-0.94484412470024
-0.800959232613909
-0.955635491606715
-0.803357314148681
-0.806954436450839
-0.947242206235012
-0.828537170263789
-0.990407673860911
-0.976019184652278
-0.985611510791367
-0.95083932853717
-0.979616306954436
-0.964028776978417
-0.881294964028777
-0.87410071942446
-0.990407673860911
-0.990407673860911
-0.8189448441247
-0.991606714628297
-0.941247002398082
-0.956834532374101
-0.779376498800959
-0.974820143884892
-0.977218225419664
-0.985611510791367
-0.997601918465228
-0.989208633093525
-1
-0.997601918465228
-0.998800959232614
-0.99400479616307
-1
-0.997601918465228
-0.991606714628297
-0.989208633093525
-1
-1
-0.984412470023981
-1
-0.996402877697842
-0.997601918465228
-0.984412470023981
-0.996402877697842
-0.919664268585132
-0.968824940047962
-0.983213429256595
-0.977218225419664
-0.99400479616307
-0.996402877697842
-0.986810551558753
-0.982014388489209
-0.990407673860911
-0.97841726618705
-0.968824940047962
-0.984412470023981
-1
-0.991606714628297
-0.954436450839328
-0.998800959232614
-0.985611510791367
-0.988009592326139
-0.946043165467626
-0.986810551558753
-0.508393285371703
-0.670263788968825
-0.876498800959233
-0.618705035971223
-0.982014388489209
-0.932853717026379
-0.964028776978417
-0.91726618705036
-0.962829736211031
-0.914868105515588
-0.781774580335731
-0.756594724220623
-0.97841726618705
-0.955635491606715
-0.573141486810552
-0.980815347721823
-0.896882494004796
-0.914868105515588
-0.528776978417266
-0.942446043165468
-0.958033573141487
-0.973621103117506
-0.985611510791367
-0.97841726618705
-0.996402877697842
-0.995203836930456
-0.988009592326139
-0.97841726618705
-0.990407673860911
-0.984412470023981
-0.973621103117506
-0.986810551558753
-1
-0.995203836930456
-0.967625899280576
-0.998800959232614
-0.996402877697842
-0.988009592326139
-0.979616306954436
-0.99400479616307
-0.844124700239808
-0.886091127098321
-0.965227817745803
-0.938848920863309
-0.985611510791367
-0.984412470023981
-0.973621103117506
-0.971223021582734
-0.983213429256595
-0.962829736211031
-0.940047961630695
-0.965227817745803
-0.998800959232614
-0.982014388489209
-0.880095923261391
-0.983213429256595
-0.953237410071942
-0.982014388489209
-0.878896882494005
-0.97242206235012
-0.904076738609113
-0.907673860911271
-0.962829736211031
-0.911270983213429
-0.990407673860911
-0.985611510791367
-0.983213429256595
-0.970023980815348
-0.97841726618705
-0.973621103117506
-0.947242206235012
-0.946043165467626
-0.996402877697842
-0.984412470023981
-0.940047961630695
-0.99400479616307
-0.97841726618705
-0.985611510791367
-0.919664268585132
-0.990407673860911
-0.184652278177458
-0.702637889688249
-0.887290167865707
-0.717026378896882
-0.971223021582734
-0.967625899280576
-0.967625899280576
-0.929256594724221
-0.948441247002398
-0.847721822541966
-0.822541966426859
-0.797362110311751
-0.982014388489209
-0.938848920863309
-0.393285371702638
-0.954436450839328
-0.90167865707434
-0.929256594724221
-0.00119904076738608
-0.936450839328537
-0.906474820143885
-0.942446043165468
-0.979616306954436
-0.958033573141487
-0.99400479616307
-0.99400479616307
-0.992805755395683
-0.970023980815348
-0.985611510791367
-0.974820143884892
-0.959232613908873
-0.979616306954436
-1
-0.980815347721823
-0.961630695443645
-0.992805755395683
-0.966426858513189
-0.989208633093525
-0.91726618705036
-0.990407673860911
