-0.376932223543401
-0.523186682520809
-0.838287752675386
-0.613555291319857
-0.969084423305589
-0.9179548156956
-0.9179548156956
-0.810939357907253
-0.928656361474435
-0.871581450653983
-0.670630202140309
-0.793103448275862
-0.980975029726516
-0.940546967895363
-0.401902497027348
-0.95243757431629
-0.837098692033294
-0.86563614744352
-0.281807372175981
-0.919143876337693
-0.494649227110583
-0.70986920332937
-0.922711058263971
-0.744351961950059
-0.975029726516052
-0.970273483947681
-0.958382877526754
-0.888228299643282
-0.941736028537455
-0.915576694411415
-0.819262782401903
-0.864447086801427
-0.990487514863258
-0.96551724137931
-0.607609988109394
-0.967895362663496
-0.871581450653983
-0.915576694411415
-0.564803804994055
-0.947681331747919
-0.887039239001189
-0.885850178359096
-0.964328180737218
-0.897740784780024
-0.996432818073722
-0.980975029726516
-0.976218787158145
-0.942925089179548
-0.978596908442331
-0.976218787158145
-0.928656361474435
-0.953626634958383
-0.995243757431629
-0.992865636147443
-0.907253269916766
-0.989298454221165
-0.963139120095125
-0.967895362663496
-0.877526753864447
-0.980975029726516
-0.700356718192628
-0.648038049940547
-0.921521997621879
-0.64922711058264
-0.992865636147443
-0.942925089179548
-0.976218787158145
-0.935790725326992
-0.963139120095125
-0.932223543400713
-0.815695600475624
-0.80499405469679
-0.989298454221165
-0.961950059453032
-0.737217598097503
-0.976218787158145
-0.91319857312723
-0.920332936979786
-0.644470868014269
-0.960760998810939
-0.940546967895363
-0.96551724137931
-0.994054696789536
-0.964328180737218
-0.994054696789536
-0.998810939357907
-0.990487514863258
-0.980975029726516
-0.991676575505351
-0.990487514863258
-0.982164090368609
-0.980975029726516
-1
-0.995243757431629
-0.95243757431629
-0.995243757431629
-0.983353151010702
-0.994054696789536
-0.950059453032105
-0.997621878715815
-0.942925089179548
-0.93935790725327
-0.976218787158145
-0.945303210463734
-0.997621878715815
-0.995243757431629
-0.995243757431629
-0.975029726516052
-0.988109393579073
-0.98692033293698
-0.964328180737218
-0.970273483947681
-0.996432818073722
-0.997621878715815
-0.944114149821641
-0.996432818073722
-0.98692033293698
-0.992865636147443
-0.946492271105826
-0.994054696789536
-0.936979785969084
-0.954815695600476
-0.97384066587396
-0.984542211652794
-0.994054696789536
-0.997621878715815
-0.982164090368609
-0.961950059453032
-0.985731272294887
-0.985731272294887
-0.957193816884661
-0.979785969084423
-0.998810939357907
-0.985731272294887
-0.970273483947681
-0.997621878715815
-0.988109393579073
-0.984542211652794
-0.956004756242568
-0.980975029726516
-0.80975029726516
-0.925089179548157
-0.95243757431629
-0.932223543400713
-0.976218787158145
-0.971462544589774
-0.969084423305589
-0.916765755053508
-0.975029726516052
-0.954815695600476
-0.907253269916766
-0.935790725326992
-0.995243757431629
-0.969084423305589
-0.931034482758621
-0.976218787158145
-0.93935790725327
-0.959571938168847
-0.883472057074911
-0.961950059453032
-0.901307966706302
-0.953626634958383
-0.980975029726516
-0.967895362663496
-0.996432818073722
-0.989298454221165
-0.991676575505351
-0.960760998810939
-0.994054696789536
-0.979785969084423
-0.966706302021403
-0.972651605231867
-0.995243757431629
-0.98692033293698
-0.969084423305589
-0.995243757431629
-0.980975029726516
-0.98692033293698
-0.95243757431629
-0.992865636147443
-0.824019024970273
-0.922711058263971
-0.970273483947681
-0.936979785969084
-0.995243757431629
-0.990487514863258
-0.980975029726516
-0.927467300832342
-0.979785969084423
-0.964328180737218
-0.936979785969084
-0.948870392390012
-0.996432818073722
-0.983353151010702
-0.903686087990488
-0.982164090368609
-0.969084423305589
-0.975029726516052
-0.888228299643282
-0.979785969084423
-0.692033293697979
-0.787158145065398
-0.936979785969084
-0.854934601664685
-0.983353151010702
-0.972651605231867
-0.966706302021403
-0.898929845422117
-0.963139120095125
-0.906064209274673
-0.859690844233056
-0.900118906064209
-0.995243757431629
-0.97384066587396
-0.802615933412604
-0.964328180737218
-0.944114149821641
-0.938168846611177
-0.776456599286564
-0.956004756242568
-0.794292508917955
-0.807372175980975
-0.947681331747919
-0.815695600475624
-0.989298454221165
-0.970273483947681
-0.982164090368609
-0.938168846611177
-0.977407847800238
-0.954815695600476
-0.884661117717004
-0.869203329369798
-0.991676575505351
-0.984542211652794
-0.795481569560048
-0.992865636147443
-0.938168846611177
-0.941736028537455
-0.777645659928656
-0.977407847800238
-0.983353151010702
-0.985731272294887
-0.998810939357907
-0.990487514863258
-1
-0.998810939357907
-0.998810939357907
-0.995243757431629
-1
-0.997621878715815
-0.992865636147443
-0.991676575505351
-0.998810939357907
-0.998810939357907
-0.979785969084423
-1
-0.996432818073722
-1
-0.983353151010702
-0.994054696789536
-0.919143876337693
-0.963139120095125
-0.979785969084423
-0.978596908442331
-0.992865636147443
-0.992865636147443
-0.989298454221165
-0.985731272294887
-0.990487514863258
-0.978596908442331
-0.967895362663496
-0.976218787158145
-0.998810939357907
-0.991676575505351
-0.947681331747919
-0.998810939357907
-0.983353151010702
-0.988109393579073
-0.947681331747919
-0.98692033293698
-0.443519619500594
-0.637336504161712
-0.883472057074911
-0.573127229488704
-0.97384066587396
-0.936979785969084
-0.975029726516052
-0.920332936979786
-0.970273483947681
-0.915576694411415
-0.753864447086801
-0.738406658739596
-0.985731272294887
-0.957193816884661
-0.577883472057075
-0.976218787158145
-0.885850178359096
-0.920332936979786
-0.544589774078478
-0.938168846611177
-0.964328180737218
-0.970273483947681
-0.982164090368609
-0.983353151010702
-0.997621878715815
-0.994054696789536
-0.988109393579073
-0.978596908442331
-0.991676575505351
-0.978596908442331
-0.978596908442331
-0.980975029726516
-0.998810939357907
-0.991676575505351
-0.96551724137931
-0.997621878715815
-0.995243757431629
-0.994054696789536
-0.971462544589774
-0.994054696789536
-0.833531510107015
-0.876337693222354
-0.967895362663496
-0.936979785969084
-0.978596908442331
-0.98692033293698
-0.979785969084423
-0.969084423305589
-0.978596908442331
-0.960760998810939
-0.941736028537455
-0.950059453032105
-0.997621878715815
-0.979785969084423
-0.876337693222354
-0.991676575505351
-0.954815695600476
-0.975029726516052
-0.863258026159334
-0.969084423305589
-0.872770511296076
-0.921521997621879
-0.975029726516052
-0.925089179548157
-0.992865636147443
-0.980975029726516
-0.983353151010702
-0.966706302021403
-0.975029726516052
-0.97384066587396
-0.946492271105826
-0.954815695600476
-0.996432818073722
-0.980975029726516
-0.923900118906064
-0.996432818073722
-0.966706302021403
-0.982164090368609
-0.9179548156956
-0.983353151010702
-0.152199762187872
-0.694411414982164
-0.895362663495838
-0.728894173602854
-0.963139120095125
-0.950059453032105
-0.966706302021403
-0.921521997621879
-0.958382877526754
-0.84423305588585
-0.834720570749108
-0.787158145065398
-0.983353151010702
-0.931034482758621
-0.353151010701546
-0.958382877526754
-0.897740784780024
-0.925089179548157
-0.00118906064209279
-0.934601664684899
-0.9179548156956
-0.951248513674197
-0.97384066587396
-0.954815695600476
-0.991676575505351
-0.990487514863258
-0.988109393579073
-0.966706302021403
-0.983353151010702
-0.985731272294887
-0.959571938168847
-0.97384066587396
-1
-0.989298454221165
-0.95243757431629
-0.990487514863258
-0.966706302021403
-0.985731272294887
-0.927467300832342
-0.994054696789536
