0.652962515114873
0.504232164449819
0.160822249093108
0.384522370012092
0.0362756952841596
0.064087061668682
0.0870616686819831
0.193470374848851
0.0810157194679565
0.145102781136638
0.35671100362757
0.223700120918984
0.0145102781136638
0.064087061668682
0.599758162031439
0.0459492140266022
0.157194679564692
0.143893591293833
0.723095525997582
0.0991535671100363
0.507859733978235
0.311970979443773
0.0931076178960097
0.274486094316808
0.0290205562273277
0.0374848851269649
0.0386940749697703
0.1136638452237
0.0616686819830713
0.100362756952842
0.199516324062878
0.139056831922612
0.0133010882708585
0.0350665054413543
0.407496977025393
0.030229746070133
0.128174123337364
0.0846432889963724
0.488512696493349
0.0652962515114873
0.119709794437727
0.126964933494559
0.0326481257557437
0.0931076178960097
0.00725513905683192
0.0205562273276904
0.0193470374848851
0.0592503022974607
0.0145102781136638
0.0290205562273277
0.0713422007255139
0.0483675937122128
0.00725513905683192
0.0133010882708585
0.0991535671100363
0.0157194679564692
0.0495767835550181
0.0374848851269649
0.139056831922612
0.0205562273276904
0.315598548972189
0.319226118500605
0.0858524788391778
0.382103990326481
0.0060459492140266
0.064087061668682
0.026602176541717
0.0798065296251512
0.0411124546553809
0.060459492140266
0.183796856106409
0.191051995163241
0.00846432889963724
0.0423216444981862
0.305925030229746
0.026602176541717
0.0858524788391778
0.0931076178960097
0.363966142684401
0.0556227327690447
0.0556227327690447
0.0350665054413543
0.00967351874244256
0.0350665054413543
0.0060459492140266
0.00483675937122128
0.00967351874244256
0.0193470374848851
0.00967351874244256
0.0145102781136638
0.0217654171704958
0.0229746070133011
0.00120918984280532
0.00483675937122128
0.0423216444981862
0.00483675937122128
0.0133010882708585
0.00725513905683192
0.0580411124546554
0.00483675937122128
0.0616686819830713
0.0737605804111245
0.0253929866989117
0.0592503022974607
0.00483675937122128
0.0108827085852479
0.00483675937122128
0.0181378476420798
0.0133010882708585
0.0145102781136638
0.0374848851269649
0.033857315598549
0.0060459492140266
0.00483675937122128
0.0544135429262394
0.00362756952841596
0.0108827085852479
0.0157194679564692
0.0592503022974607
0.00846432889963724
0.0507859733978235
0.0532043530834341
0.0253929866989117
0.0145102781136638
0.00483675937122128
0.00362756952841596
0.0181378476420798
0.0374848851269649
0.0157194679564692
0.0145102781136638
0.0411124546553809
0.0205562273276904
0.00241837968561064
0.0145102781136638
0.0362756952841596
0.0060459492140266
0.0145102781136638
0.0157194679564692
0.060459492140266
0.0181378476420798
0.205562273276904
0.0858524788391778
0.0556227327690447
0.0701330108827086
0.0241837968561064
0.0314389359129383
0.026602176541717
0.0918984280532043
0.0278113663845224
0.0544135429262394
0.0894800483675937
0.0652962515114873
0.0060459492140266
0.0278113663845224
0.0773881499395405
0.0278113663845224
0.060459492140266
0.0556227327690447
0.105199516324063
0.0386940749697703
0.0967351874244256
0.0350665054413543
0.0193470374848851
0.0362756952841596
0.00362756952841596
0.0108827085852479
0.0108827085852479
0.0471584038694075
0.00846432889963724
0.0241837968561064
0.0386940749697703
0.0229746070133011
0.00241837968561064
0.0157194679564692
0.0447400241837969
0.0060459492140266
0.0181378476420798
0.0133010882708585
0.0568319226118501
0.0133010882708585
0.171704957678356
0.0991535671100363
0.0278113663845224
0.0701330108827086
0.00846432889963724
0.0133010882708585
0.0169286577992745
0.0725513905683192
0.0253929866989117
0.0568319226118501
0.0652962515114873
0.0423216444981862
0.00725513905683192
0.0193470374848851
0.103990326481258
0.0181378476420798
0.0374848851269649
0.0362756952841596
0.124546553808948
0.0241837968561064
0.328899637243047
0.214026602176542
0.0737605804111245
0.166868198307134
0.0181378476420798
0.0362756952841596
0.0411124546553809
0.117291414752116
0.0362756952841596
0.0810157194679565
0.148730350665054
0.122128174123337
0.00362756952841596
0.0278113663845224
0.198307134220073
0.0290205562273277
0.0628778718258767
0.0652962515114873
0.207980652962515
0.0435308343409915
0.217654171704958
0.214026602176542
0.0495767835550181
0.183796856106409
0.0120918984280532
0.030229746070133
0.0181378476420798
0.0689238210399033
0.0253929866989117
0.0435308343409915
0.125755743651753
0.13180169286578
0.00846432889963724
0.0181378476420798
0.185006045949214
0.0120918984280532
0.0568319226118501
0.060459492140266
0.235792019347037
0.0229746070133011
0.0181378476420798
0.0145102781136638
0.00120918984280532
0.00846432889963724
0.00241837968561064
0.00120918984280532
0.00120918984280532
0.0060459492140266
0.00120918984280532
0.00483675937122128
0.00725513905683192
0.0120918984280532
0.00120918984280532
0.00241837968561064
0.0205562273276904
0
0.00120918984280532
0.00241837968561064
0.0181378476420798
0.00362756952841596
0.094316807738815
0.0471584038694075
0.0205562273276904
0.0193470374848851
0.00967351874244256
0.00967351874244256
0.0120918984280532
0.0193470374848851
0.00846432889963724
0.0193470374848851
0.033857315598549
0.0193470374848851
0.00120918984280532
0.0120918984280532
0.0580411124546554
0.00483675937122128
0.0217654171704958
0.00967351874244256
0.0568319226118501
0.0108827085852479
0.580411124546554
0.401451027811366
0.124546553808948
0.426844014510278
0.0241837968561064
0.0713422007255139
0.0314389359129383
0.0846432889963724
0.0278113663845224
0.102781136638452
0.235792019347037
0.262394195888755
0.0145102781136638
0.0411124546553809
0.438935912938331
0.033857315598549
0.112454655380895
0.0785973397823458
0.47037484885127
0.0652962515114873
0.0471584038694075
0.0435308343409915
0.0205562273276904
0.0193470374848851
0.00241837968561064
0.00846432889963724
0.00846432889963724
0.0205562273276904
0.00967351874244256
0.0229746070133011
0.030229746070133
0.0169286577992745
0.00241837968561064
0.00483675937122128
0.030229746070133
0.00483675937122128
0.00725513905683192
0.0060459492140266
0.0241837968561064
0.00846432889963724
0.154776299879081
0.13180169286578
0.0326481257557437
0.0713422007255139
0.0145102781136638
0.0181378476420798
0.026602176541717
0.033857315598549
0.0253929866989117
0.0423216444981862
0.0628778718258767
0.0580411124546554
0.00362756952841596
0.0181378476420798
0.122128174123337
0.0145102781136638
0.0423216444981862
0.0241837968561064
0.133010882708585
0.0350665054413543
0.124546553808948
0.0955259975816203
0.0326481257557437
0.0870616686819831
0.00725513905683192
0.0241837968561064
0.0193470374848851
0.033857315598549
0.0253929866989117
0.0253929866989117
0.0483675937122128
0.0519951632406288
0.00483675937122128
0.0217654171704958
0.0773881499395405
0.00846432889963724
0.0362756952841596
0.0217654171704958
0.0870616686819831
0.0157194679564692
0.870616686819831
0.310761789600967
0.107617896009674
0.291414752116082
0.0423216444981862
0.0544135429262394
0.0399032648125756
0.0713422007255139
0.0532043530834341
0.160822249093108
0.189842805320435
0.20918984280532
0.0193470374848851
0.0822249093107618
0.681983071342201
0.0386940749697703
0.112454655380895
0.0725513905683192
1
0.0689238210399033
0.090689238210399
0.0544135429262394
0.0326481257557437
0.0495767835550181
0.00725513905683192
0.00846432889963724
0.0108827085852479
0.0386940749697703
0.0133010882708585
0.0253929866989117
0.0386940749697703
0.0290205562273277
0
0.0193470374848851
0.0544135429262394
0.00846432889963724
0.0386940749697703
0.0108827085852479
0.090689238210399
0.0133010882708585
