557
408
123
317
23
59
69
140
73
125
293
198
14
57
539
35
147
144
616
67
444
270
76
235
26
38
28
93
53
72
183
126
7
26
358
28
119
66
363
46
95
108
29
77
5
17
16
43
16
22
56
46
6
7
90
12
38
31
118
14
265
303
76
290
9
64
20
69
38
61
154
173
14
35
249
22
77
71
296
36
51
32
7
38
4
4
7
13
6
11
17
14
2
5
34
2
13
4
40
4
48
45
17
48
2
7
3
21
11
9
35
30
2
5
51
7
14
12
60
8
53
36
16
21
3
4
17
28
10
14
37
19
2
8
25
5
9
16
43
18
159
65
34
63
18
24
36
65
24
35
67
49
7
25
58
25
44
35
77
31
92
42
16
32
7
9
12
34
4
19
26
25
5
12
32
6
21
11
44
8
136
76
28
60
7
10
15
61
20
35
55
40
4
19
76
17
28
28
97
19
294
160
58
136
15
31
29
97
31
71
126
93
8
26
175
27
52
52
184
39
191
171
45
173
8
21
21
48
24
45
117
113
9
10
173
8
56
41
210
20
23
14
3
6
2
1
2
4
0
4
8
13
2
1
19
1
4
4
17
4
64
42
18
28
7
4
8
10
10
20
29
15
2
11
44
3
24
11
47
8
477
343
105
362
22
49
29
61
37
67
190
233
20
44
393
22
111
81
424
43
35
29
15
14
3
6
11
18
8
17
21
15
1
7
31
4
5
11
27
5
153
117
28
62
14
14
18
25
16
30
55
49
4
19
109
13
28
16
136
27
111
83
29
78
7
20
17
27
16
24
45
52
5
13
63
3
27
18
68
14
705
279
104
256
30
48
19
57
45
135
156
181
17
66
564
39
91
61
787
65
76
45
26
31
5
6
7
27
15
17
36
21
1
10
36
4
31
11
70
11
