0.70417193426043
0.490518331226296
0.132743362831858
0.371681415929204
0.0290771175726928
0.0695322376738306
0.06826801517067
0.168141592920354
0.0809102402022756
0.137800252844501
0.314791403286979
0.20480404551201
0.0151706700379267
0.0581542351453856
0.579013906447535
0.056890012642225
0.149178255372946
0.140328697850822
0.725663716814159
0.0872313527180784
0.525916561314791
0.269279393173198
0.079646017699115
0.260429835651075
0.0202275600505689
0.0379266750948167
0.0316055625790139
0.0834386852085967
0.0518331226295828
0.0998735777496839
0.169405815423515
0.137800252844501
0.00505689001264223
0.0189633375474083
0.419721871049305
0.034134007585335
0.101137800252844
0.0922882427307206
0.458912768647282
0.0581542351453856
0.0998735777496839
0.120101137800253
0.034134007585335
0.0948166877370417
0.00252844500632111
0.0202275600505689
0.0240202275600506
0.0505689001264222
0.0139064475347661
0.0278128950695322
0.0733249051833123
0.0467762326169406
0.00252844500632111
0.011378002528445
0.0960809102402023
0.011378002528445
0.0467762326169406
0.034134007585335
0.122629582806574
0.0189633375474083
0.321112515802781
0.333754740834387
0.0948166877370417
0.38558786346397
0.00758533501896334
0.0518331226295828
0.0240202275600506
0.0707964601769911
0.0391908975979772
0.0632111251580278
0.188369152970923
0.207332490518331
0.00884955752212389
0.0353982300884956
0.276864728192162
0.02275600505689
0.0758533501896334
0.0733249051833123
0.36283185840708
0.0404551201011378
0.0594184576485461
0.0353982300884956
0.00632111251580278
0.0417193426042984
0.00884955752212389
0.00379266750948167
0.00758533501896334
0.0164348925410872
0.00632111251580278
0.00884955752212389
0.0189633375474083
0.0176991150442478
0.00126422250316056
0.00126422250316056
0.0493046776232617
0.00379266750948167
0.011378002528445
0.00758533501896334
0.0493046776232617
0.00379266750948167
0.0594184576485461
0.0556257901390645
0.0240202275600506
0.0480404551201011
0.00126422250316056
0.00884955752212389
0.00758533501896334
0.0189633375474083
0.00379266750948167
0.0151706700379267
0.0328697850821745
0.0316055625790139
0
0.00505689001264223
0.0480404551201011
0.00632111251580278
0.0189633375474083
0.0126422250316056
0.056890012642225
0.00632111251580278
0.0556257901390645
0.0467762326169406
0.0151706700379267
0.0189633375474083
0.00632111251580278
0.00379266750948167
0.0202275600505689
0.0353982300884956
0.0151706700379267
0.0189633375474083
0.0353982300884956
0.0101137800252845
0.00252844500632111
0.0101137800252845
0.0316055625790139
0.00632111251580278
0.0176991150442478
0.0126422250316056
0.0480404551201011
0.0164348925410872
0.169405815423515
0.079646017699115
0.0379266750948167
0.0771175726927939
0.0101137800252845
0.0214917825537295
0.0379266750948167
0.0847029077117573
0.0151706700379267
0.0493046776232617
0.0745891276864728
0.0442477876106195
0.00758533501896334
0.0265486725663717
0.079646017699115
0.0252844500632111
0.0594184576485461
0.0379266750948167
0.102402022756005
0.0404551201011378
0.0834386852085967
0.0303413400758533
0.0202275600505689
0.02275600505689
0.00884955752212389
0.0101137800252845
0.0139064475347661
0.0404551201011378
0.00505689001264223
0.0189633375474083
0.0328697850821745
0.0214917825537295
0.00252844500632111
0.0126422250316056
0.0404551201011378
0.011378002528445
0.0139064475347661
0.0101137800252845
0.0442477876106195
0.00758533501896334
0.142857142857143
0.0821744627054362
0.0303413400758533
0.0809102402022756
0.00758533501896334
0.0101137800252845
0.0189633375474083
0.0783817951959545
0.0139064475347661
0.0505689001264222
0.0670037926675095
0.0391908975979772
0.00379266750948167
0.0252844500632111
0.0973451327433628
0.011378002528445
0.0316055625790139
0.02275600505689
0.118836915297092
0.0202275600505689
0.289506953223767
0.184576485461441
0.0745891276864728
0.13653603034134
0.0189633375474083
0.034134007585335
0.0328697850821745
0.109987357774968
0.0290771175726928
0.0720606826801517
0.122629582806574
0.109987357774968
0.0101137800252845
0.0252844500632111
0.187104930467762
0.0265486725663717
0.0556257901390645
0.0530973451327434
0.214917825537295
0.0429835651074589
0.206068268015171
0.221238938053097
0.0518331226295828
0.192161820480405
0.0101137800252845
0.0303413400758533
0.0164348925410872
0.0429835651074589
0.0252844500632111
0.0391908975979772
0.102402022756005
0.140328697850822
0.00758533501896334
0.0126422250316056
0.190897597977244
0
0.0518331226295828
0.0518331226295828
0.22629582806574
0.0265486725663717
0.0176991150442478
0.0101137800252845
0.00379266750948167
0.00884955752212389
0.00252844500632111
0
0.00126422250316056
0.00632111251580278
0
0.00252844500632111
0.00758533501896334
0.00758533501896334
0.00126422250316056
0.00126422250316056
0.0176991150442478
0.00252844500632111
0.00379266750948167
0.00505689001264223
0.0139064475347661
0.00379266750948167
0.079646017699115
0.0391908975979772
0.0202275600505689
0.0202275600505689
0.00884955752212389
0.00632111251580278
0.00758533501896334
0.0189633375474083
0.00758533501896334
0.0189633375474083
0.0290771175726928
0.0164348925410872
0.00379266750948167
0.00632111251580278
0.0429835651074589
0.00252844500632111
0.0176991150442478
0.011378002528445
0.0505689001264222
0.0139064475347661
0.532237673830594
0.402022756005057
0.117572692793932
0.428571428571429
0.0278128950695322
0.0606826801517067
0.034134007585335
0.0758533501896334
0.0303413400758533
0.0632111251580278
0.219974715549937
0.288242730720607
0.0214917825537295
0.04551201011378
0.419721871049305
0.0328697850821745
0.104930467762326
0.0695322376738306
0.515802781289507
0.0467762326169406
0.0493046776232617
0.0366624525916561
0.0176991150442478
0.0202275600505689
0.00505689001264223
0.00505689001264223
0.011378002528445
0.02275600505689
0.00884955752212389
0.0189633375474083
0.0214917825537295
0.02275600505689
0
0.00505689001264223
0.0328697850821745
0.00758533501896334
0.00632111251580278
0.0101137800252845
0.0252844500632111
0.00884955752212389
0.144121365360303
0.102402022756005
0.0366624525916561
0.0783817951959545
0.011378002528445
0.0151706700379267
0.0139064475347661
0.0214917825537295
0.0176991150442478
0.0404551201011378
0.0493046776232617
0.0442477876106195
0.00505689001264223
0.0164348925410872
0.118836915297092
0.0126422250316056
0.0290771175726928
0.0202275600505689
0.13527180783818
0.0328697850821745
0.104930467762326
0.0859671302149178
0.0278128950695322
0.0771175726927939
0.00884955752212389
0.0240202275600506
0.0164348925410872
0.02275600505689
0.0265486725663717
0.0189633375474083
0.0543615676359039
0.0391908975979772
0.00505689001264223
0.0176991150442478
0.0745891276864728
0.00758533501896334
0.0240202275600506
0.0151706700379267
0.0859671302149178
0.0139064475347661
0.878634639696587
0.305941845764855
0.0973451327433628
0.29456384323641
0.0391908975979772
0.0467762326169406
0.0303413400758533
0.0783817951959545
0.0493046776232617
0.170670037926675
0.174462705436157
0.199747155499368
0.011378002528445
0.0707964601769911
0.694058154235145
0.0442477876106195
0.0935524652338812
0.0695322376738306
1
0.0619469026548673
0.0859671302149178
0.04551201011378
0.0316055625790139
0.0328697850821745
0.00884955752212389
0.00505689001264223
0.00884955752212389
0.0353982300884956
0.011378002528445
0.0202275600505689
0.0429835651074589
0.0176991150442478
0.00252844500632111
0.0164348925410872
0.0505689001264222
0.0101137800252845
0.0404551201011378
0.00505689001264223
0.0771175726927939
0.011378002528445
