0.666276346604215
0.5
0.126463700234192
0.38056206088993
0.0327868852459016
0.0737704918032787
0.0690866510538642
0.186182669789227
0.0866510538641686
0.124121779859485
0.347775175644028
0.217798594847775
0.0152224824355972
0.0597189695550351
0.583138173302108
0.0468384074941452
0.166276346604215
0.125292740046838
0.694379391100703
0.085480093676815
0.514051522248244
0.312646370023419
0.0796252927400468
0.255269320843091
0.0269320843091335
0.0456674473067916
0.0234192037470726
0.0925058548009368
0.0608899297423888
0.094847775175644
0.228337236533958
0.129976580796253
0.0128805620608899
0.031615925058548
0.377049180327869
0.0374707259953162
0.113583138173302
0.0831381733021077
0.46135831381733
0.0597189695550351
0.100702576112412
0.115925058548009
0.0421545667447307
0.0925058548009368
0.00468384074941452
0.0234192037470726
0.0210772833723653
0.0515222482435597
0.0105386416861827
0.0281030444964871
0.0690866510538642
0.0655737704918033
0.00702576112412178
0.00819672131147541
0.0925058548009368
0.00819672131147541
0.0433255269320843
0.0292740046838408
0.115925058548009
0.0187353629976581
0.313817330210773
0.357142857142857
0.0901639344262295
0.350117096018735
0.00702576112412178
0.0644028103044497
0.0269320843091335
0.0784543325526932
0.0386416861826698
0.0573770491803279
0.172131147540984
0.215456674473068
0.0163934426229508
0.0374707259953162
0.279859484777518
0.0199063231850117
0.0761124121779859
0.0749414519906323
0.364168618266979
0.0433255269320843
0.0585480093676815
0.0421545667447307
0.00468384074941452
0.0444964871194379
0.00702576112412178
0.00468384074941452
0.0117096018735363
0.0163934426229508
0.00702576112412178
0.00936768149882904
0.0163934426229508
0.0175644028103044
0.00117096018735363
0.00468384074941452
0.040983606557377
0.00819672131147541
0.0105386416861827
0.00351288056206089
0.0421545667447307
0.00702576112412178
0.0679156908665105
0.0690866510538642
0.0175644028103044
0.0444964871194379
0.00351288056206089
0.0128805620608899
0.00585480093676815
0.0292740046838408
0.00936768149882904
0.0152224824355972
0.0398126463700234
0.040983606557377
0.00468384074941452
0.00702576112412178
0.0491803278688525
0.00234192037470726
0.0152224824355972
0.0128805620608899
0.0620608899297424
0.00702576112412178
0.0573770491803279
0.0468384074941452
0.0163934426229508
0.0199063231850117
0.00468384074941452
0.00351288056206089
0.0210772833723653
0.0269320843091335
0.0140515222482436
0.0105386416861827
0.0374707259953162
0.0210772833723653
0.00234192037470726
0.0140515222482436
0.0339578454332553
0.00819672131147541
0.0140515222482436
0.0152224824355972
0.0491803278688525
0.0128805620608899
0.187353629976581
0.0807962529274005
0.0515222482435597
0.0679156908665105
0.0210772833723653
0.0292740046838408
0.0304449648711944
0.0913348946135831
0.0234192037470726
0.0480093676814988
0.0889929742388759
0.0644028103044497
0.00585480093676815
0.031615925058548
0.0749414519906323
0.0269320843091335
0.0562060889929742
0.0398126463700234
0.0995316159250585
0.0327868852459016
0.0866510538641686
0.0433255269320843
0.0210772833723653
0.0362997658079625
0.00351288056206089
0.00936768149882904
0.0117096018735363
0.0421545667447307
0.00936768149882904
0.0234192037470726
0.0281030444964871
0.0152224824355972
0.00351288056206089
0.0163934426229508
0.0421545667447307
0.00702576112412178
0.0163934426229508
0.0128805620608899
0.0433255269320843
0.00702576112412178
0.140515222482436
0.0831381733021077
0.0292740046838408
0.0702576112412178
0.0128805620608899
0.0128805620608899
0.0199063231850117
0.0725995316159251
0.0187353629976581
0.0468384074941452
0.053864168618267
0.0515222482435597
0.00702576112412178
0.0128805620608899
0.0983606557377049
0.0105386416861827
0.022248243559719
0.0281030444964871
0.129976580796253
0.0245901639344262
0.325526932084309
0.194379391100703
0.0714285714285714
0.166276346604215
0.0187353629976581
0.0444964871194379
0.0362997658079625
0.113583138173302
0.0339578454332553
0.0679156908665105
0.141686182669789
0.108899297423888
0.00702576112412178
0.0304449648711944
0.202576112412178
0.0339578454332553
0.0550351288056206
0.0573770491803279
0.22248243559719
0.0444964871194379
0.215456674473068
0.2096018735363
0.0433255269320843
0.188524590163934
0.0140515222482436
0.0281030444964871
0.0163934426229508
0.053864168618267
0.0292740046838408
0.0374707259953162
0.131147540983607
0.122950819672131
0.00936768149882904
0.0117096018735363
0.206088992974239
0.00936768149882904
0.0503512880562061
0.0573770491803279
0.249414519906323
0.0245901639344262
0.022248243559719
0.0199063231850117
0.00351288056206089
0.0105386416861827
0.00234192037470726
0.00234192037470726
0.00234192037470726
0.00702576112412178
0.00117096018735363
0.00468384074941452
0.0117096018735363
0.00936768149882904
0.00117096018735363
0.00234192037470726
0.0199063231850117
0.00234192037470726
0.00117096018735363
0.00468384074941452
0.0210772833723653
0.00234192037470726
0.0936768149882904
0.0421545667447307
0.0175644028103044
0.022248243559719
0.00819672131147541
0.00819672131147541
0.0128805620608899
0.0187353629976581
0.00936768149882904
0.0210772833723653
0.0281030444964871
0.0199063231850117
0.00234192037470726
0.0117096018735363
0.0456674473067916
0.00234192037470726
0.0210772833723653
0.0128805620608899
0.0573770491803279
0.00936768149882904
0.539812646370023
0.370023419203747
0.111241217798595
0.425058548009368
0.0140515222482436
0.063231850117096
0.0292740046838408
0.0737704918032787
0.0304449648711944
0.0901639344262295
0.228337236533958
0.263466042154567
0.0234192037470726
0.0421545667447307
0.423887587822014
0.0281030444964871
0.10655737704918
0.0878220140515222
0.489461358313817
0.0573770491803279
0.0398126463700234
0.0292740046838408
0.0187353629976581
0.0234192037470726
0.00468384074941452
0.00819672131147541
0.0105386416861827
0.0199063231850117
0.00819672131147541
0.0163934426229508
0.031615925058548
0.0175644028103044
0.00117096018735363
0.00819672131147541
0.0374707259953162
0.00819672131147541
0.00936768149882904
0.00936768149882904
0.022248243559719
0.00468384074941452
0.141686182669789
0.121779859484778
0.031615925058548
0.0702576112412178
0.0140515222482436
0.0117096018735363
0.0281030444964871
0.0327868852459016
0.0140515222482436
0.0398126463700234
0.0515222482435597
0.0456674473067916
0.00468384074941452
0.0175644028103044
0.120608899297424
0.00819672131147541
0.0304449648711944
0.0187353629976581
0.121779859484778
0.0281030444964871
0.108899297423888
0.0796252927400468
0.031615925058548
0.0843091334894614
0.00702576112412178
0.0187353629976581
0.0128805620608899
0.0362997658079625
0.0175644028103044
0.0269320843091335
0.0480093676814988
0.0480093676814988
0.00702576112412178
0.0257611241217799
0.0714285714285714
0.00585480093676815
0.0234192037470726
0.0175644028103044
0.0772833723653396
0.0163934426229508
0.859484777517564
0.284543325526932
0.11943793911007
0.292740046838407
0.0374707259953162
0.0456674473067916
0.031615925058548
0.0761124121779859
0.0421545667447307
0.167447306791569
0.189695550351288
0.213114754098361
0.0210772833723653
0.0761124121779859
0.656908665105386
0.0480093676814988
0.0971896955503513
0.0702576112412178
1
0.0585480093676815
0.0737704918032787
0.0515222482435597
0.0257611241217799
0.0421545667447307
0.00702576112412178
0.00702576112412178
0.00819672131147541
0.0327868852459016
0.0140515222482436
0.0175644028103044
0.0351288056206089
0.022248243559719
0
0.0163934426229508
0.0515222482435597
0.00702576112412178
0.0327868852459016
0.00936768149882904
0.0878220140515222
0.0117096018735363
