0.687723480333731
0.489868891537545
0.165673420738975
0.379022646007151
0.032181168057211
0.0810488676996424
0.0810488676996424
0.190703218116806
0.0893921334922527
0.153754469606675
0.307508939213349
0.216924910607867
0.0202622169249106
0.065554231227652
0.595947556615018
0.0441001191895113
0.168057210965435
0.140643623361144
0.716328963051251
0.101311084624553
0.504171632896305
0.276519666269368
0.0786650774731824
0.249106078665077
0.0309892729439809
0.033373063170441
0.0452920143027414
0.115613825983313
0.0619785458879619
0.0882002383790226
0.187127532777116
0.132300357568534
0.00834326579261025
0.0262216924910608
0.419547079856973
0.034564958283671
0.129916567342074
0.0929678188319428
0.439809296781883
0.0595947556615018
0.110846245530393
0.117997616209774
0.034564958283671
0.0941597139451728
0.00834326579261025
0.0190703218116806
0.0214541120381406
0.0560190703218117
0.0226460071513707
0.0309892729439809
0.0703218116805721
0.0500595947556615
0.00595947556615018
0.0107270560190703
0.106078665077473
0.0131108462455304
0.0476758045292014
0.034564958283671
0.125148986889154
0.0107270560190703
0.300357568533969
0.33611442193087
0.0882002383790226
0.361144219308701
0.00715137067938021
0.067938021454112
0.0250297973778308
0.0846245530393325
0.0381406436233611
0.0572109654350417
0.184743742550656
0.181168057210965
0.0107270560190703
0.0369487485101311
0.303933253873659
0.0262216924910608
0.0798569725864124
0.0762812872467223
0.374255065554231
0.0369487485101311
0.0631704410011919
0.0297973778307509
0.00953516090584029
0.0429082240762813
0.00715137067938021
0.00476758045292014
0.00834326579261025
0.0166865315852205
0.00595947556615018
0.00834326579261025
0.0274135876042908
0.0214541120381406
0.00119189511323004
0.00834326579261025
0.0476758045292014
0.00595947556615018
0.0119189511323004
0.00476758045292014
0.0524433849821216
0.00476758045292014
0.0762812872467223
0.0584028605482718
0.0226460071513707
0.0584028605482718
0.00238379022646007
0.0107270560190703
0.00953516090584029
0.0250297973778308
0.0107270560190703
0.00953516090584029
0.033373063170441
0.0309892729439809
0.00357568533969011
0.00238379022646007
0.0512514898688915
0.00476758045292014
0.0226460071513707
0.0119189511323004
0.0572109654350417
0.00715137067938021
0.0584028605482718
0.0452920143027414
0.0262216924910608
0.0166865315852205
0.00834326579261025
0.00357568533969011
0.0202622169249106
0.0393325387365912
0.0166865315852205
0.0154946364719905
0.0405244338498212
0.0190703218116806
0.00119189511323004
0.0166865315852205
0.0369487485101311
0.00357568533969011
0.0166865315852205
0.0131108462455304
0.0476758045292014
0.0202622169249106
0.188319427890346
0.0738974970202622
0.0464839094159714
0.0774731823599523
0.0226460071513707
0.0238379022646007
0.0393325387365912
0.0965435041716329
0.0297973778307509
0.0548271752085816
0.0750893921334922
0.0703218116805721
0.00953516090584029
0.0357568533969011
0.0738974970202622
0.0226460071513707
0.0488676996424315
0.0464839094159714
0.115613825983313
0.0274135876042908
0.0882002383790226
0.0464839094159714
0.0166865315852205
0.0274135876042908
0.00715137067938021
0.0154946364719905
0.00715137067938021
0.0405244338498212
0.00715137067938021
0.0190703218116806
0.0417163289630513
0.0250297973778308
0.00476758045292014
0.0107270560190703
0.0393325387365912
0.0107270560190703
0.0250297973778308
0.0107270560190703
0.0572109654350417
0.0119189511323004
0.175208581644815
0.0834326579261025
0.0381406436233611
0.0715137067938021
0.0119189511323004
0.00953516090584029
0.0226460071513707
0.066746126340882
0.0238379022646007
0.0476758045292014
0.0560190703218117
0.034564958283671
0.00357568533969011
0.0178784266984505
0.107270560190703
0.0107270560190703
0.0381406436233611
0.032181168057211
0.119189511323004
0.0214541120381406
0.32300357568534
0.200238379022646
0.0691299165673421
0.150178784266984
0.0178784266984505
0.0405244338498212
0.0309892729439809
0.103694874851013
0.0357568533969011
0.0786650774731824
0.129916567342074
0.0965435041716329
0.00595947556615018
0.0309892729439809
0.200238379022646
0.0274135876042908
0.0536352800953516
0.0607866507747318
0.215733015494636
0.0369487485101311
0.227651966626937
0.205005959475566
0.0488676996424315
0.179976162097735
0.00834326579261025
0.032181168057211
0.0178784266984505
0.0429082240762813
0.0214541120381406
0.0464839094159714
0.133492252681764
0.131108462455304
0.00595947556615018
0.0166865315852205
0.201430274135876
0.00715137067938021
0.0607866507747318
0.0572109654350417
0.237187127532777
0.0262216924910608
0.0154946364719905
0.0202622169249106
0.00238379022646007
0.00953516090584029
0.00119189511323004
0.00119189511323004
0.00238379022646007
0.00357568533969011
0.00119189511323004
0.00357568533969011
0.00595947556615018
0.0131108462455304
0.00238379022646007
0.00238379022646007
0.0154946364719905
0.00119189511323004
0.00476758045292014
0.00238379022646007
0.0202622169249106
0.00357568533969011
0.0846245530393325
0.0309892729439809
0.0226460071513707
0.0286054827175209
0.00715137067938021
0.00595947556615018
0.0107270560190703
0.0154946364719905
0.00715137067938021
0.0226460071513707
0.0297973778307509
0.0214541120381406
0.00238379022646007
0.0107270560190703
0.0595947556615018
0.00357568533969011
0.0214541120381406
0.0119189511323004
0.0512514898688915
0.0131108462455304
0.555423122765197
0.383790226460071
0.119189511323004
0.441001191895113
0.0250297973778308
0.067938021454112
0.0286054827175209
0.0810488676996424
0.0369487485101311
0.0929678188319428
0.253873659117998
0.303933253873659
0.0178784266984505
0.0488676996424315
0.435041716328963
0.032181168057211
0.104886769964243
0.0846245530393325
0.498212157330155
0.0476758045292014
0.0369487485101311
0.0297973778307509
0.0226460071513707
0.0226460071513707
0.00595947556615018
0.00238379022646007
0.0119189511323004
0.0190703218116806
0.00595947556615018
0.0226460071513707
0.0238379022646007
0.0166865315852205
0.00119189511323004
0.00834326579261025
0.034564958283671
0.00476758045292014
0.00715137067938021
0.0107270560190703
0.0238379022646007
0.00715137067938021
0.160905840286055
0.137067938021454
0.032181168057211
0.0631704410011919
0.0166865315852205
0.0202622169249106
0.0250297973778308
0.0369487485101311
0.0250297973778308
0.0441001191895113
0.0584028605482718
0.0512514898688915
0.00476758045292014
0.0190703218116806
0.135876042908224
0.00953516090584029
0.0476758045292014
0.0226460071513707
0.138259833134684
0.0286054827175209
0.120381406436234
0.0953516090584029
0.0309892729439809
0.0738974970202622
0.0107270560190703
0.0190703218116806
0.0143027413587604
0.032181168057211
0.0190703218116806
0.0309892729439809
0.0429082240762813
0.0595947556615018
0.00357568533969011
0.0154946364719905
0.0786650774731824
0.00476758045292014
0.0309892729439809
0.0178784266984505
0.0941597139451728
0.0166865315852205
0.882002383790226
0.313468414779499
0.104886769964243
0.292014302741359
0.0369487485101311
0.0500595947556615
0.0357568533969011
0.0786650774731824
0.0405244338498212
0.148986889153754
0.166865315852205
0.207389749702026
0.0190703218116806
0.0631704410011919
0.67818831942789
0.0429082240762813
0.126340882002384
0.0727056019070322
1
0.065554231227652
0.0941597139451728
0.0572109654350417
0.0178784266984505
0.0429082240762813
0.00595947556615018
0.00357568533969011
0.00834326579261025
0.033373063170441
0.0131108462455304
0.0166865315852205
0.0429082240762813
0.0274135876042908
0
0.0154946364719905
0.0441001191895113
0.00834326579261025
0.0357568533969011
0.0107270560190703
0.067938021454112
0.0131108462455304
