616
436
129
354
24
64
66
173
78
134
308
212
21
65
564
42
154
136
655
82
471
265
87
218
28
30
34
97
57
67
198
128
6
33
369
28
111
75
432
45
106
118
32
86
5
19
26
47
23
28
66
49
5
13
79
12
46
28
115
17
291
304
76
330
9
54
22
74
43
63
163
184
14
42
244
17
73
77
325
35
60
40
9
28
0
5
9
15
6
14
19
21
1
7
40
6
10
3
48
6
59
60
21
51
3
9
5
23
4
8
36
32
4
6
46
2
12
10
48
5
65
48
24
17
8
6
16
29
13
12
28
20
3
10
33
6
16
15
44
18
177
78
38
72
14
20
30
95
28
45
71
53
8
30
70
29
58
40
96
35
97
43
23
28
4
13
14
30
8
27
33
22
5
11
36
5
21
15
51
10
139
83
33
66
11
11
20
62
22
42
58
43
5
17
88
16
28
27
103
22
293
185
71
138
20
32
39
112
36
71
132
85
9
30
186
27
60
59
192
35
193
195
50
168
12
27
14
55
22
40
105
110
12
9
188
9
56
50
226
20
17
13
5
11
2
2
1
7
1
4
9
12
0
1
21
1
4
5
18
5
70
42
19
25
7
3
11
18
8
21
39
17
2
8
44
4
16
12
55
16
490
347
108
386
27
54
29
83
35
76
203
240
23
39
397
30
105
73
443
55
43
32
17
19
3
5
9
16
10
23
17
22
2
5
33
3
5
10
22
7
150
97
33
64
15
20
23
26
15
34
61
51
0
21
112
11
31
21
120
30
106
89
26
82
11
20
17
31
19
23
47
53
6
16
58
6
26
16
87
10
812
274
99
263
44
43
34
67
57
147
178
186
13
63
594
42
85
68
948
59
79
45
24
37
9
8
12
28
11
18
45
24
2
11
45
8
24
13
69
7
