529
392
125
333
31
63
60
134
72
111
280
184
9
57
480
35
132
120
583
56
432
236
71
224
25
34
26
77
53
73
177
105
6
23
347
22
87
62
335
40
81
102
25
65
9
11
23
48
17
19
60
45
2
11
86
9
39
20
111
16
269
291
78
313
7
58
17
62
44
57
156
160
9
31
221
16
66
71
299
31
49
36
7
34
7
4
9
14
7
9
19
18
1
4
43
7
6
6
37
5
50
45
15
45
4
7
4
9
12
11
31
31
2
5
49
3
11
9
54
5
60
36
11
18
4
4
18
32
12
17
28
13
2
12
20
2
13
11
39
20
146
62
31
53
10
20
31
65
19
37
58
45
3
33
53
14
46
32
84
33
91
34
17
33
5
11
13
27
8
23
36
16
4
9
36
9
18
11
40
12
117
74
30
55
9
9
14
69
14
26
55
38
5
14
79
10
21
27
100
17
284
160
59
131
16
30
33
90
31
67
120
95
6
21
156
17
39
54
176
40
192
163
50
153
8
23
13
36
20
40
94
110
8
11
176
5
42
33
195
23
20
13
2
9
1
2
1
4
0
3
6
8
1
1
12
1
5
4
11
3
71
32
16
24
9
4
7
11
8
19
23
17
3
9
44
3
17
12
50
8
437
299
98
357
22
55
31
63
34
66
179
219
23
39
360
23
100
69
408
38
32
24
14
13
3
4
10
11
6
13
20
13
0
7
26
6
4
8
23
6
127
85
31
65
14
11
17
22
12
32
52
30
2
14
93
9
24
15
103
25
81
71
30
70
9
11
11
20
22
24
39
51
3
13
60
6
20
11
69
12
685
255
76
236
34
37
25
61
49
117
155
178
17
62
549
41
75
50
844
56
63
52
19
30
4
5
9
21
13
19
37
20
2
12
34
5
26
11
64
9
