-0.376391982182628
-0.527839643652561
-0.860801781737194
-0.631403118040089
-0.976614699331849
-0.942093541202673
-0.928730512249443
-0.848552338530067
-0.937639198218263
-0.853006681514477
-0.662583518930958
-0.78619153674833
-0.983296213808463
-0.94097995545657
-0.435412026726058
-0.958797327394209
-0.828507795100223
-0.865256124721604
-0.326280623608018
-0.926503340757238
-0.50890868596882
-0.697104677060134
-0.907572383073497
-0.741648106904232
-0.976614699331849
-0.962138084632517
-0.962138084632517
-0.913140311804009
-0.948775055679287
-0.925389755011136
-0.805122494432071
-0.88195991091314
-0.993318485523385
-0.958797327394209
-0.605790645879733
-0.969933184855234
-0.879732739420935
-0.932071269487751
-0.551224944320713
-0.953229398663697
-0.896436525612472
-0.902004454342984
-0.962138084632517
-0.912026726057906
-0.997772828507795
-0.992204899777283
-0.979955456570156
-0.956570155902004
-0.984409799554566
-0.969933184855234
-0.944320712694877
-0.952115812917595
-0.994432071269488
-0.992204899777283
-0.905345211581292
-0.988864142538975
-0.9543429844098
-0.966592427616927
-0.861915367483296
-0.985523385300668
-0.711581291759465
-0.653674832962138
-0.927616926503341
-0.628062360801782
-0.99554565701559
-0.944320712694877
-0.982182628062361
-0.934298440979956
-0.962138084632517
-0.943207126948775
-0.837416481069042
-0.795100222717149
-0.99109131403118
-0.964365256124722
-0.726057906458797
-0.976614699331849
-0.920935412026726
-0.934298440979956
-0.644766146993318
-0.967706013363029
-0.944320712694877
-0.963251670378619
-0.992204899777283
-0.971046770601336
-0.998886414253898
-0.993318485523385
-0.99554565701559
-0.989977728285078
-0.99554565701559
-0.99109131403118
-0.982182628062361
-0.976614699331849
-1
-0.99554565701559
-0.963251670378619
-0.997772828507795
-0.988864142538975
-0.994432071269488
-0.959910913140312
-0.997772828507795
-0.94988864142539
-0.933184855233853
-0.981069042316258
-0.956570155902004
-0.99554565701559
-0.994432071269488
-0.996659242761693
-0.982182628062361
-0.993318485523385
-0.992204899777283
-0.974387527839644
-0.976614699331849
-0.998886414253898
-0.997772828507795
-0.956570155902004
-0.998886414253898
-0.986636971046771
-0.988864142538975
-0.946547884187082
-0.994432071269488
-0.953229398663697
-0.953229398663697
-0.977728285077951
-0.985523385300668
-0.99109131403118
-0.997772828507795
-0.986636971046771
-0.962138084632517
-0.986636971046771
-0.984409799554566
-0.969933184855234
-0.981069042316258
-0.997772828507795
-0.989977728285078
-0.966592427616927
-0.99554565701559
-0.978841870824053
-0.986636971046771
-0.953229398663697
-0.986636971046771
-0.828507795100223
-0.916481069042316
-0.963251670378619
-0.93652561247216
-0.982182628062361
-0.978841870824053
-0.968819599109131
-0.917594654788419
-0.982182628062361
-0.953229398663697
-0.929844097995546
-0.953229398663697
-0.99554565701559
-0.983296213808463
-0.929844097995546
-0.979955456570156
-0.9543429844098
-0.959910913140312
-0.919821826280624
-0.971046770601336
-0.920935412026726
-0.964365256124722
-0.978841870824053
-0.969933184855234
-0.993318485523385
-0.989977728285078
-0.992204899777283
-0.972160356347439
-0.99554565701559
-0.976614699331849
-0.979955456570156
-0.984409799554566
-0.996659242761693
-0.988864142538975
-0.969933184855234
-0.993318485523385
-0.988864142538975
-0.988864142538975
-0.952115812917595
-0.996659242761693
-0.848552338530067
-0.917594654788419
-0.969933184855234
-0.929844097995546
-0.994432071269488
-0.996659242761693
-0.977728285077951
-0.935412026726058
-0.983296213808463
-0.962138084632517
-0.946547884187082
-0.961024498886414
-0.992204899777283
-0.984409799554566
-0.900890868596882
-0.985523385300668
-0.967706013363029
-0.967706013363029
-0.885300668151448
-0.972160356347439
-0.692650334075724
-0.809576837416481
-0.94097995545657
-0.839643652561247
-0.986636971046771
-0.966592427616927
-0.969933184855234
-0.912026726057906
-0.968819599109131
-0.925389755011136
-0.880846325167038
-0.908685968819599
-0.99554565701559
-0.975501113585746
-0.83184855233853
-0.982182628062361
-0.944320712694877
-0.946547884187082
-0.808463251670379
-0.959910913140312
-0.796213808463252
-0.793986636971047
-0.967706013363029
-0.835189309576837
-0.993318485523385
-0.979955456570156
-0.983296213808463
-0.947661469933185
-0.979955456570156
-0.959910913140312
-0.898663697104677
-0.88641425389755
-0.984409799554566
-0.987750556792873
-0.801781737193764
-0.993318485523385
-0.944320712694877
-0.944320712694877
-0.785077951002227
-0.979955456570156
-0.978841870824053
-0.985523385300668
-0.998886414253898
-0.99109131403118
-1
-0.998886414253898
-1
-0.992204899777283
-1
-0.997772828507795
-0.989977728285078
-0.989977728285078
-1
-1
-0.983296213808463
-1
-0.996659242761693
-0.996659242761693
-0.979955456570156
-0.99554565701559
-0.928730512249443
-0.962138084632517
-0.977728285077951
-0.976614699331849
-0.994432071269488
-0.998886414253898
-0.988864142538975
-0.984409799554566
-0.997772828507795
-0.975501113585746
-0.971046770601336
-0.987750556792873
-0.998886414253898
-0.996659242761693
-0.948775055679287
-0.997772828507795
-0.988864142538975
-0.99109131403118
-0.952115812917595
-0.99109131403118
-0.472160356347439
-0.626948775055679
-0.893095768374165
-0.605790645879733
-0.975501113585746
-0.938752783964365
-0.969933184855234
-0.918708240534521
-0.972160356347439
-0.907572383073497
-0.790645879732739
-0.748329621380846
-0.976614699331849
-0.959910913140312
-0.564587973273942
-0.975501113585746
-0.893095768374165
-0.917594654788419
-0.525612472160356
-0.951002227171492
-0.964365256124722
-0.966592427616927
-0.983296213808463
-0.981069042316258
-1
-0.99554565701559
-0.99109131403118
-0.984409799554566
-0.99109131403118
-0.982182628062361
-0.979955456570156
-0.982182628062361
-1
-0.996659242761693
-0.969933184855234
-0.996659242761693
-0.993318485523385
-0.993318485523385
-0.974387527839644
-0.993318485523385
-0.830734966592428
-0.896436525612472
-0.957683741648107
-0.935412026726058
-0.987750556792873
-0.983296213808463
-0.974387527839644
-0.967706013363029
-0.984409799554566
-0.967706013363029
-0.94543429844098
-0.955456570155902
-0.998886414253898
-0.978841870824053
-0.888641425389755
-0.987750556792873
-0.957683741648107
-0.976614699331849
-0.871937639198218
-0.964365256124722
-0.891982182628062
-0.917594654788419
-0.971046770601336
-0.915367483296214
-0.99109131403118
-0.985523385300668
-0.978841870824053
-0.971046770601336
-0.986636971046771
-0.977728285077951
-0.963251670378619
-0.946547884187082
-0.99554565701559
-0.987750556792873
-0.934298440979956
-0.99109131403118
-0.964365256124722
-0.986636971046771
-0.913140311804009
-0.989977728285078
-0.162583518930958
-0.72271714922049
-0.904231625835189
-0.721603563474388
-0.967706013363029
-0.963251670378619
-0.967706013363029
-0.942093541202673
-0.951002227171492
-0.848552338530067
-0.830734966592428
-0.802895322939866
-0.982182628062361
-0.937639198218263
-0.34075723830735
-0.9543429844098
-0.897550111358575
-0.928730512249443
-0.00111358574610243
-0.938752783964365
-0.918708240534521
-0.953229398663697
-0.977728285077951
-0.966592427616927
-0.994432071269488
-0.992204899777283
-0.989977728285078
-0.972160356347439
-0.992204899777283
-0.984409799554566
-0.959910913140312
-0.982182628062361
-0.998886414253898
-0.992204899777283
-0.953229398663697
-0.994432071269488
-0.973273942093541
-0.988864142538975
-0.933184855233853
-0.989977728285078
