0.618988902589396
0.488286066584464
0.133168927250308
0.356350184956843
0.0246609124537608
0.0579531442663379
0.0752157829839704
0.161528976572133
0.0875462392108508
0.143033292231813
0.325524044389642
0.205918618988903
0.0160295930949445
0.0530209617755857
0.540073982737361
0.0345252774352651
0.163995067817509
0.140567200986436
0.716399506781751
0.0850801479654747
0.504315659679408
0.281134401972873
0.0789149198520345
0.260172626387176
0.0209617755856967
0.0394574599260173
0.0456226880394575
0.0900123304562269
0.0517879161528977
0.0887792848335388
0.184956843403206
0.128236744759556
0.00863131935881628
0.0258939580764488
0.387176325524044
0.0369913686806412
0.11960542540074
0.0850801479654747
0.419235511713933
0.0517879161528977
0.109741060419236
0.1134401972873
0.0357583230579531
0.0850801479654747
0.0061652281134402
0.0147965474722565
0.0234278668310728
0.0493218249075216
0.0172626387176326
0.032059186189889
0.0591861898890259
0.0530209617755857
0.00863131935881628
0.0110974106041924
0.101109741060419
0.0123304562268804
0.0419235511713933
0.0332922318125771
0.127003699136868
0.0184956843403206
0.295930949445129
0.337854500616523
0.0887792848335388
0.356350184956843
0.00493218249075216
0.0653514180024661
0.0234278668310728
0.0715166461159063
0.0345252774352651
0.0653514180024661
0.163995067817509
0.220715166461159
0.0135635018495684
0.0419235511713933
0.276202219482121
0.0172626387176326
0.093711467324291
0.0715166461159063
0.337854500616523
0.0369913686806412
0.0591861898890259
0.030826140567201
0.00739827373612824
0.0345252774352651
0.0061652281134402
0.00493218249075216
0.00739827373612824
0.0160295930949445
0.0061652281134402
0.00986436498150432
0.0234278668310728
0.0209617755856967
0
0.00739827373612824
0.0406905055487053
0.0061652281134402
0.00739827373612824
0.00863131935881628
0.0505548705302096
0.00246609124537608
0.0542540073982737
0.0517879161528977
0.0221948212083847
0.0591861898890259
0.00493218249075216
0.00986436498150432
0.0061652281134402
0.0332922318125771
0.0061652281134402
0.0123304562268804
0.032059186189889
0.0209617755856967
0.00123304562268804
0.0061652281134402
0.0530209617755857
0.00493218249075216
0.0172626387176326
0.0123304562268804
0.0554870530209618
0.00493218249075216
0.0567200986436498
0.0443896424167694
0.0234278668310728
0.0160295930949445
0.00863131935881628
0.00369913686806412
0.0160295930949445
0.0419235511713933
0.0160295930949445
0.0172626387176326
0.030826140567201
0.0246609124537608
0.00246609124537608
0.0123304562268804
0.0283600493218249
0.00493218249075216
0.0184956843403206
0.0123304562268804
0.0468557336621455
0.0172626387176326
0.191122071516646
0.0665844636251541
0.0419235511713933
0.0739827373612824
0.0160295930949445
0.0271270036991369
0.0258939580764488
0.0776818742293465
0.0197287299630086
0.0493218249075216
0.0690505548705302
0.0542540073982737
0.00246609124537608
0.0258939580764488
0.0567200986436498
0.0197287299630086
0.0604192355117139
0.0357583230579531
0.103575832305795
0.032059186189889
0.0789149198520345
0.0345252774352651
0.0209617755856967
0.0382244143033292
0.00739827373612824
0.0061652281134402
0.0061652281134402
0.0382244143033292
0.00739827373612824
0.0184956843403206
0.0258939580764488
0.0197287299630086
0.00246609124537608
0.0110974106041924
0.032059186189889
0.00863131935881628
0.0147965474722565
0.0110974106041924
0.0480887792848335
0.00493218249075216
0.146732429099877
0.092478421701603
0.0345252774352651
0.0678175092478422
0.00493218249075216
0.0110974106041924
0.0172626387176326
0.0702836004932182
0.0172626387176326
0.0554870530209618
0.0690505548705302
0.0394574599260173
0.00369913686806412
0.0209617755856967
0.0838471023427867
0.0184956843403206
0.0382244143033292
0.0357583230579531
0.107274969173859
0.0221948212083847
0.282367447595561
0.175092478421702
0.0715166461159063
0.150431565967941
0.0209617755856967
0.0345252774352651
0.0431565967940814
0.0986436498150432
0.0332922318125771
0.0591861898890259
0.117139334155364
0.0912453760789149
0.0061652281134402
0.0221948212083847
0.175092478421702
0.0258939580764488
0.0517879161528977
0.0591861898890259
0.218249075215783
0.0431565967940814
0.217016029593095
0.198520345252774
0.0456226880394575
0.183723797780518
0.0135635018495684
0.0357583230579531
0.0184956843403206
0.0406905055487053
0.0209617755856967
0.0394574599260173
0.118372379778052
0.12577065351418
0.00739827373612824
0.0160295930949445
0.197287299630086
0.0061652281134402
0.0542540073982737
0.0542540073982737
0.207151664611591
0.0258939580764488
0.0160295930949445
0.0147965474722565
0.00123304562268804
0.0135635018495684
0.00123304562268804
0.00246609124537608
0.00246609124537608
0.00369913686806412
0
0.00369913686806412
0.00493218249075216
0.00863131935881628
0
0
0.0197287299630086
0
0.00369913686806412
0.00493218249075216
0.0160295930949445
0.00246609124537608
0.0702836004932182
0.032059186189889
0.0160295930949445
0.030826140567201
0.00739827373612824
0.00739827373612824
0.0110974106041924
0.0209617755856967
0.00493218249075216
0.0221948212083847
0.0258939580764488
0.0221948212083847
0.00246609124537608
0.00863131935881628
0.0431565967940814
0.00493218249075216
0.0172626387176326
0.0123304562268804
0.0591861898890259
0.00863131935881628
0.50924784217016
0.361282367447596
0.123304562268804
0.404438964241677
0.0234278668310728
0.0468557336621455
0.0258939580764488
0.0579531442663379
0.0295930949445129
0.0752157829839704
0.192355117139334
0.244143033292232
0.0234278668310728
0.0406905055487053
0.373612823674476
0.030826140567201
0.0986436498150432
0.0974106041923551
0.505548705302096
0.0456226880394575
0.0406905055487053
0.0271270036991369
0.0209617755856967
0.0197287299630086
0.00369913686806412
0.00863131935881628
0.0123304562268804
0.0184956843403206
0.00493218249075216
0.0184956843403206
0.0221948212083847
0.0147965474722565
0.00123304562268804
0.00493218249075216
0.0382244143033292
0.00739827373612824
0.0061652281134402
0.00493218249075216
0.030826140567201
0.0061652281134402
0.161528976572133
0.110974106041924
0.0332922318125771
0.0579531442663379
0.00986436498150432
0.0184956843403206
0.0221948212083847
0.0345252774352651
0.0135635018495684
0.0431565967940814
0.0542540073982737
0.0554870530209618
0.00369913686806412
0.0172626387176326
0.120838471023428
0.00863131935881628
0.0345252774352651
0.0246609124537608
0.149198520345253
0.032059186189889
0.1134401972873
0.0974106041923551
0.0406905055487053
0.0838471023427867
0.0135635018495684
0.0184956843403206
0.0184956843403206
0.0246609124537608
0.0147965474722565
0.030826140567201
0.0394574599260173
0.0591861898890259
0.00493218249075216
0.0197287299630086
0.06288532675709
0.0061652281134402
0.032059186189889
0.0135635018495684
0.0900123304562269
0.0110974106041924
0.844636251541307
0.319358816276202
0.0986436498150432
0.299630086313194
0.0345252774352651
0.0505548705302096
0.0332922318125771
0.0702836004932182
0.0394574599260173
0.152897657213317
0.181257706535142
0.196054254007398
0.0123304562268804
0.0653514180024661
0.63501849568434
0.0554870530209618
0.107274969173859
0.0752157829839704
1
0.0604192355117139
0.0813810110974106
0.0468557336621455
0.0234278668310728
0.030826140567201
0.00493218249075216
0.00863131935881628
0.00863131935881628
0.030826140567201
0.00986436498150432
0.0209617755856967
0.0419235511713933
0.0209617755856967
0
0.0184956843403206
0.0480887792848335
0.00246609124537608
0.0295930949445129
0.00863131935881628
0.0739827373612824
0.0147965474722565
