583
423
130
299
28
53
52
144
70
115
264
169
19
50
513
39
130
104
591
70
433
245
70
217
25
33
28
89
47
72
168
100
9
27
339
30
88
62
379
41
87
93
34
85
5
15
14
39
19
26
58
47
8
8
85
11
36
31
108
12
246
297
72
303
7
51
17
60
34
46
159
171
11
35
236
17
65
60
290
33
59
24
9
33
6
3
8
17
8
8
16
11
1
7
35
4
13
3
46
3
46
49
16
51
3
9
6
19
5
9
17
29
2
4
36
4
19
9
45
6
42
36
18
15
3
3
17
27
10
11
33
15
3
8
22
6
11
10
34
11
146
71
32
59
11
15
29
63
19
40
63
38
6
24
61
18
38
36
85
32
73
38
14
28
3
8
8
27
8
19
22
22
3
15
32
9
10
9
42
6
129
74
24
62
11
9
20
53
14
34
51
29
2
19
78
8
27
26
88
13
255
161
63
143
17
26
27
87
25
67
100
97
8
20
146
22
52
35
174
32
187
162
41
168
9
25
10
36
19
35
96
109
7
10
166
7
38
35
175
24
18
18
4
11
2
2
3
5
0
5
7
11
1
1
16
2
2
2
15
2
68
34
17
21
8
4
11
10
8
22
25
20
1
10
39
4
11
10
42
13
460
311
90
330
21
50
22
63
28
65
214
215
21
37
365
27
86
74
403
40
33
26
14
21
2
6
10
12
6
16
16
18
1
7
34
8
4
9
21
5
144
94
30
46
10
11
19
20
17
25
41
32
4
12
97
4
22
18
102
19
103
66
27
62
6
15
14
23
15
18
37
38
4
14
57
2
23
16
65
14
685
254
99
232
37
41
16
64
34
123
142
176
18
58
534
42
74
65
825
56
71
39
23
29
9
8
4
28
10
17
31
12
0
13
37
6
25
8
61
10
