0.663943990665111
0.469078179696616
0.138856476079347
0.396732788798133
0.0280046674445741
0.0630105017502917
0.0548424737456243
0.17269544924154
0.0781796966161027
0.14002333722287
0.319719953325554
0.218203033838973
0.0163360560093349
0.0630105017502917
0.550758459743291
0.0408401400233372
0.137689614935823
0.142357059509918
0.690781796966161
0.0805134189031505
0.518086347724621
0.329054842473746
0.100350058343057
0.284714119019837
0.0280046674445741
0.0420070011668611
0.0338389731621937
0.0921820303383897
0.0606767794632439
0.0875145857642941
0.221703617269545
0.144690781796966
0.00700116686114352
0.0315052508751459
0.387397899649942
0.0233372228704784
0.122520420070012
0.0746791131855309
0.432905484247375
0.0606767794632439
0.103850641773629
0.126021003500583
0.0338389731621937
0.0758459743290548
0.0058343057176196
0.0198366394399067
0.0186697782963827
0.0361726954492415
0.015169194865811
0.0186697782963827
0.0723453908984831
0.0536756126021004
0.00700116686114352
0.00700116686114352
0.0828471411901984
0.0116686114352392
0.0396732788798133
0.0280046674445741
0.135355892648775
0.0186697782963827
0.303383897316219
0.369894982497083
0.0863477246207701
0.373395565927655
0.00933488914819136
0.0641773628938156
0.0198366394399067
0.0746791131855309
0.0350058343057176
0.0793465577596266
0.177362893815636
0.208868144690782
0.015169194865811
0.0361726954492415
0.276546091015169
0.0198366394399067
0.0723453908984831
0.0758459743290548
0.334889148191365
0.0303383897316219
0.0641773628938156
0.0408401400233372
0.00816802800466744
0.0338389731621937
0.00116686114352392
0.00466744457409568
0.00933488914819136
0.0128354725787631
0.00700116686114352
0.0163360560093349
0.0186697782963827
0.0186697782963827
0
0.00233372228704784
0.0396732788798133
0.00466744457409568
0.015169194865811
0.00350058343057176
0.0385064177362894
0.00350058343057176
0.0571761960326721
0.0618436406067678
0.0163360560093349
0.0455075845974329
0.00233372228704784
0.00933488914819136
0.00700116686114352
0.0198366394399067
0.00816802800466744
0.0105017502917153
0.0350058343057176
0.0350058343057176
0.00350058343057176
0.00816802800466744
0.0478413068844807
0.0058343057176196
0.014002333722287
0.0058343057176196
0.0688448074679113
0.0058343057176196
0.0606767794632439
0.0420070011668611
0.0116686114352392
0.014002333722287
0.00350058343057176
0.00350058343057176
0.014002333722287
0.0385064177362894
0.00816802800466744
0.0116686114352392
0.0315052508751459
0.0163360560093349
0.00116686114352392
0.00816802800466744
0.0268378063010502
0.00700116686114352
0.015169194865811
0.0105017502917153
0.0408401400233372
0.0210035005834306
0.175029171528588
0.0805134189031505
0.0361726954492415
0.0641773628938156
0.015169194865811
0.0210035005834306
0.0350058343057176
0.0711785297549592
0.029171528588098
0.0466744457409568
0.0653442240373396
0.0455075845974329
0.0058343057176196
0.0186697782963827
0.0641773628938156
0.0256709451575263
0.0408401400233372
0.0338389731621937
0.088681446907818
0.0280046674445741
0.0863477246207701
0.0408401400233372
0.0186697782963827
0.0303383897316219
0.00466744457409568
0.00933488914819136
0.00700116686114352
0.029171528588098
0.00700116686114352
0.0210035005834306
0.0280046674445741
0.014002333722287
0.0058343057176196
0.014002333722287
0.0361726954492415
0.0105017502917153
0.0198366394399067
0.00816802800466744
0.0490081680280047
0.0116686114352392
0.156359393232205
0.088681446907818
0.0280046674445741
0.0723453908984831
0.00933488914819136
0.00350058343057176
0.0128354725787631
0.0700116686114352
0.0210035005834306
0.0455075845974329
0.0571761960326721
0.0455075845974329
0.00116686114352392
0.00933488914819136
0.0816802800466744
0.0163360560093349
0.0350058343057176
0.0326721120186698
0.108518086347725
0.0256709451575263
0.2975495915986
0.191365227537923
0.0711785297549592
0.157526254375729
0.0198366394399067
0.0350058343057176
0.0373395565927655
0.0851808634772462
0.0268378063010502
0.0560093348891482
0.129521586931155
0.114352392065344
0.00700116686114352
0.0233372228704784
0.196032672112019
0.0280046674445741
0.0501750291715286
0.0525087514585764
0.213535589264877
0.0373395565927655
0.218203033838973
0.210035005834306
0.0513418903150525
0.179696616102684
0.0128354725787631
0.0315052508751459
0.0210035005834306
0.0536756126021004
0.0175029171528588
0.0338389731621937
0.117852975495916
0.12485414235706
0.0105017502917153
0.00816802800466744
0.207701283547258
0.00700116686114352
0.0466744457409568
0.0420070011668611
0.234539089848308
0.0233372228704784
0.0198366394399067
0.0163360560093349
0.00350058343057176
0.00933488914819136
0.00233372228704784
0.00116686114352392
0.00116686114352392
0.00233372228704784
0
0.00350058343057176
0.00700116686114352
0.00933488914819136
0
0
0.0163360560093349
0.00233372228704784
0.00350058343057176
0.00350058343057176
0.0186697782963827
0.00466744457409568
0.0793465577596266
0.044340723453909
0.0198366394399067
0.0221703617269545
0.00700116686114352
0.00466744457409568
0.0058343057176196
0.0128354725787631
0.00700116686114352
0.0221703617269545
0.0221703617269545
0.0175029171528588
0
0.00700116686114352
0.0396732788798133
0.00233372228704784
0.0175029171528588
0.0116686114352392
0.0571761960326721
0.00700116686114352
0.519253208868145
0.382730455075846
0.100350058343057
0.417736289381564
0.0221703617269545
0.0525087514585764
0.0326721120186698
0.058343057176196
0.0268378063010502
0.0793465577596266
0.193698949824971
0.247374562427071
0.0186697782963827
0.0431738623103851
0.381563593932322
0.0280046674445741
0.117852975495916
0.0770128354725788
0.43757292882147
0.058343057176196
0.0385064177362894
0.0338389731621937
0.0175029171528588
0.015169194865811
0.00233372228704784
0.00700116686114352
0.0105017502917153
0.0128354725787631
0.00700116686114352
0.0233372228704784
0.029171528588098
0.0186697782963827
0.00116686114352392
0.00816802800466744
0.0361726954492415
0.00816802800466744
0.00350058343057176
0.0058343057176196
0.0245040840140023
0.00816802800466744
0.152858809801634
0.120186697782964
0.0245040840140023
0.0536756126021004
0.0128354725787631
0.0186697782963827
0.0186697782963827
0.0256709451575263
0.0175029171528588
0.0338389731621937
0.0490081680280047
0.0490081680280047
0.00466744457409568
0.0210035005834306
0.103850641773629
0.0116686114352392
0.0303383897316219
0.0175029171528588
0.129521586931155
0.0326721120186698
0.110851808634772
0.0758459743290548
0.0256709451575263
0.0770128354725788
0.0105017502917153
0.0186697782963827
0.0128354725787631
0.0256709451575263
0.0198366394399067
0.0245040840140023
0.0385064177362894
0.044340723453909
0.00466744457409568
0.0175029171528588
0.0723453908984831
0.00466744457409568
0.0280046674445741
0.014002333722287
0.0688448074679113
0.014002333722287
0.771295215869312
0.315052508751459
0.101516919486581
0.310385064177363
0.0350058343057176
0.0525087514585764
0.0245040840140023
0.0641773628938156
0.0490081680280047
0.150525087514586
0.183197199533256
0.20536756126021
0.0163360560093349
0.0711785297549592
0.598599766627771
0.0513418903150525
0.0921820303383897
0.0618436406067678
1
0.0723453908984831
0.0921820303383897
0.0560093348891482
0.0256709451575263
0.0338389731621937
0.00466744457409568
0.00933488914819136
0.00933488914819136
0.0338389731621937
0.0105017502917153
0.0186697782963827
0.0338389731621937
0.0221703617269545
0
0.00933488914819136
0.0536756126021004
0.00233372228704784
0.0315052508751459
0.0116686114352392
0.0816802800466744
0.0105017502917153
