0.663378545006165
0.511713933415536
0.163995067817509
0.382244143033292
0.0332922318125771
0.0764488286066584
0.0900123304562269
0.217016029593095
0.0986436498150432
0.154130702836005
0.330456226880395
0.229346485819975
0.0172626387176326
0.0653514180024661
0.590628853267571
0.0394574599260173
0.160295930949445
0.144266337854501
0.721331689272503
0.0912453760789149
0.531442663378545
0.287299630086313
0.0826140567200986
0.290998766954377
0.030826140567201
0.0369913686806412
0.0431565967940814
0.120838471023428
0.06288532675709
0.0900123304562269
0.217016029593095
0.141800246609125
0.00493218249075216
0.0394574599260173
0.405672009864365
0.0357583230579531
0.122071516646116
0.0838471023427867
0.451294697903822
0.061652281134402
0.12577065351418
0.139334155363748
0.0271270036991369
0.0863131935881628
0.0061652281134402
0.0197287299630086
0.0271270036991369
0.0690505548705302
0.0184956843403206
0.0246609124537608
0.0838471023427867
0.0517879161528977
0.00863131935881628
0.0160295930949445
0.103575832305795
0.00986436498150432
0.0456226880394575
0.0295930949445129
0.13193588162762
0.0160295930949445
0.327990135635018
0.351418002466091
0.0875462392108508
0.352651048088779
0.00863131935881628
0.0591861898890259
0.0209617755856967
0.0998766954377312
0.0468557336621455
0.0752157829839704
0.18249075215783
0.189889025893958
0.0147965474722565
0.0246609124537608
0.283600493218249
0.0271270036991369
0.0813810110974106
0.0850801479654747
0.35881627620222
0.0406905055487053
0.0591861898890259
0.0369913686806412
0.0110974106041924
0.0406905055487053
0.00863131935881628
0.0061652281134402
0.0110974106041924
0.0221948212083847
0.00739827373612824
0.0135635018495684
0.0295930949445129
0.0209617755856967
0.00369913686806412
0.00493218249075216
0.0530209617755857
0.0061652281134402
0.0123304562268804
0.00493218249075216
0.0579531442663379
0.00739827373612824
0.0678175092478422
0.064118372379778
0.0172626387176326
0.0542540073982737
0.00246609124537608
0.0135635018495684
0.00739827373612824
0.030826140567201
0.00739827373612824
0.00863131935881628
0.0406905055487053
0.0345252774352651
0.00493218249075216
0.00863131935881628
0.0493218249075216
0.0061652281134402
0.00986436498150432
0.00986436498150432
0.0530209617755857
0.00739827373612824
0.0665844636251541
0.0517879161528977
0.0283600493218249
0.0184956843403206
0.00739827373612824
0.00493218249075216
0.0172626387176326
0.0382244143033292
0.0135635018495684
0.0221948212083847
0.0431565967940814
0.0123304562268804
0.00246609124537608
0.0123304562268804
0.0345252774352651
0.0061652281134402
0.0172626387176326
0.0160295930949445
0.0530209617755857
0.0246609124537608
0.203452527743527
0.0887792848335388
0.0653514180024661
0.0850801479654747
0.0234278668310728
0.032059186189889
0.0382244143033292
0.103575832305795
0.0271270036991369
0.0493218249075216
0.0887792848335388
0.0789149198520345
0.00863131935881628
0.0332922318125771
0.0764488286066584
0.030826140567201
0.061652281134402
0.0419235511713933
0.122071516646116
0.0419235511713933
0.103575832305795
0.0505548705302096
0.0184956843403206
0.0332922318125771
0.0061652281134402
0.0147965474722565
0.0197287299630086
0.0357583230579531
0.00739827373612824
0.0221948212083847
0.0480887792848335
0.0295930949445129
0.0061652281134402
0.00863131935881628
0.0394574599260173
0.0061652281134402
0.0271270036991369
0.0147965474722565
0.06288532675709
0.0147965474722565
0.175092478421702
0.0961775585696671
0.0369913686806412
0.0776818742293465
0.0110974106041924
0.0135635018495684
0.0160295930949445
0.0715166461159063
0.0234278668310728
0.0456226880394575
0.0690505548705302
0.0382244143033292
0.00493218249075216
0.0172626387176326
0.092478421701603
0.0160295930949445
0.0283600493218249
0.030826140567201
0.118372379778052
0.0234278668310728
0.325524044389642
0.219482120838471
0.0875462392108508
0.149198520345253
0.0221948212083847
0.0382244143033292
0.0345252774352651
0.130702836004932
0.0369913686806412
0.0900123304562269
0.152897657213317
0.114673242909988
0.0110974106041924
0.0271270036991369
0.210850801479655
0.0345252774352651
0.06288532675709
0.0653514180024661
0.214549938347719
0.0456226880394575
0.219482120838471
0.204685573366215
0.0554870530209618
0.18865598027127
0.0123304562268804
0.0271270036991369
0.0172626387176326
0.0517879161528977
0.0271270036991369
0.0480887792848335
0.13193588162762
0.117139334155364
0.00986436498150432
0.0135635018495684
0.20098643649815
0.00739827373612824
0.06288532675709
0.0468557336621455
0.249075215782984
0.0283600493218249
0.0209617755856967
0.0184956843403206
0.00493218249075216
0.0110974106041924
0.00246609124537608
0
0.00246609124537608
0.00493218249075216
0.00123304562268804
0.00493218249075216
0.0110974106041924
0.0123304562268804
0.00246609124537608
0.00246609124537608
0.0221948212083847
0.00123304562268804
0.00369913686806412
0.00369913686806412
0.0197287299630086
0.00369913686806412
0.0900123304562269
0.032059186189889
0.0135635018495684
0.0258939580764488
0.0110974106041924
0.00369913686806412
0.0110974106041924
0.0135635018495684
0.0110974106041924
0.0172626387176326
0.0357583230579531
0.0160295930949445
0.00246609124537608
0.0123304562268804
0.0530209617755857
0.00246609124537608
0.0258939580764488
0.0110974106041924
0.0493218249075216
0.0123304562268804
0.557336621454994
0.353884093711467
0.110974106041924
0.409371146732429
0.0332922318125771
0.0591861898890259
0.0295930949445129
0.0912453760789149
0.0480887792848335
0.0850801479654747
0.230579531442663
0.268803945745993
0.0234278668310728
0.0357583230579531
0.418002466091245
0.030826140567201
0.107274969173859
0.0900123304562269
0.514180024660913
0.0517879161528977
0.0431565967940814
0.032059186189889
0.0147965474722565
0.0258939580764488
0.0061652281134402
0.00739827373612824
0.00739827373612824
0.0209617755856967
0.0123304562268804
0.0160295930949445
0.0283600493218249
0.0172626387176326
0
0.00863131935881628
0.0357583230579531
0.00739827373612824
0.00493218249075216
0.0061652281134402
0.0283600493218249
0.0061652281134402
0.150431565967941
0.128236744759556
0.0394574599260173
0.0764488286066584
0.0172626387176326
0.0209617755856967
0.0209617755856967
0.0283600493218249
0.0258939580764488
0.0419235511713933
0.064118372379778
0.0406905055487053
0.00246609124537608
0.0197287299630086
0.122071516646116
0.00986436498150432
0.0382244143033292
0.0234278668310728
0.141800246609125
0.0271270036991369
0.108508014796547
0.0986436498150432
0.0295930949445129
0.0789149198520345
0.00986436498150432
0.0135635018495684
0.0234278668310728
0.032059186189889
0.0271270036991369
0.0271270036991369
0.0493218249075216
0.0579531442663379
0.00493218249075216
0.0184956843403206
0.0690505548705302
0.00246609124537608
0.0271270036991369
0.0184956843403206
0.0986436498150432
0.0160295930949445
0.879161528976572
0.32675709001233
0.120838471023428
0.295930949445129
0.0443896424167694
0.0480887792848335
0.0419235511713933
0.0813810110974106
0.0554870530209618
0.149198520345253
0.193588162762022
0.218249075215783
0.0209617755856967
0.0702836004932182
0.643649815043157
0.0443896424167694
0.120838471023428
0.0752157829839704
1
0.0739827373612824
0.0912453760789149
0.064118372379778
0.0295930949445129
0.0394574599260173
0.00863131935881628
0.00739827373612824
0.0110974106041924
0.0382244143033292
0.0110974106041924
0.0221948212083847
0.0443896424167694
0.032059186189889
0.00123304562268804
0.0123304562268804
0.0517879161528977
0.0061652281134402
0.0283600493218249
0.00986436498150432
0.0838471023427867
0.0110974106041924
