0.580246913580247
0.435802469135802
0.128395061728395
0.37283950617284
0.0234567901234568
0.0790123456790123
0.0703703703703704
0.164197530864198
0.0814814814814815
0.150617283950617
0.328395061728395
0.181481481481481
0.0185185185185185
0.054320987654321
0.525925925925926
0.037037037037037
0.160493827160494
0.117283950617284
0.685185185185185
0.0790123456790123
0.492592592592593
0.253086419753086
0.0716049382716049
0.246913580246914
0.0259259259259259
0.0419753086419753
0.0407407407407407
0.101234567901235
0.0419753086419753
0.0753086419753086
0.172839506172839
0.112345679012346
0.00987654320987654
0.0308641975308642
0.353086419753086
0.0345679012345679
0.101234567901235
0.0716049382716049
0.409876543209877
0.0345679012345679
0.114814814814815
0.109876543209877
0.0296296296296296
0.0962962962962963
0.00493827160493827
0.0160493827160494
0.0246913580246914
0.0580246913580247
0.0160493827160494
0.0259259259259259
0.0679012345679012
0.0518518518518519
0.00617283950617284
0.00617283950617284
0.102469135802469
0.0111111111111111
0.0419753086419753
0.0296296296296296
0.125925925925926
0.0111111111111111
0.282716049382716
0.353086419753086
0.0950617283950617
0.345679012345679
0.00864197530864197
0.0419753086419753
0.0160493827160494
0.0654320987654321
0.0407407407407407
0.054320987654321
0.161728395061728
0.174074074074074
0.0123456790123457
0.0345679012345679
0.250617283950617
0.0209876543209877
0.0864197530864197
0.0617283950617284
0.344444444444444
0.037037037037037
0.0604938271604938
0.037037037037037
0.00617283950617284
0.0296296296296296
0.00123456790123457
0.00617283950617284
0.0111111111111111
0.0160493827160494
0.00493827160493827
0.00987654320987654
0.0259259259259259
0.0160493827160494
0.00123456790123457
0.00493827160493827
0.0395061728395062
0.00123456790123457
0.0135802469135802
0.0037037037037037
0.0419753086419753
0.00246913580246914
0.0592592592592593
0.0530864197530864
0.0197530864197531
0.0469135802469136
0.00246913580246914
0.00740740740740741
0.0037037037037037
0.0246913580246914
0.00740740740740741
0.00740740740740741
0.0283950617283951
0.0382716049382716
0.00246913580246914
0.00493827160493827
0.0469135802469136
0.00246913580246914
0.0185185185185185
0.0148148148148148
0.062962962962963
0.00617283950617284
0.0469135802469136
0.0358024691358025
0.0320987654320988
0.0160493827160494
0.00987654320987654
0.00246913580246914
0.0160493827160494
0.0333333333333333
0.0123456790123457
0.0172839506172839
0.0382716049382716
0.0160493827160494
0.00246913580246914
0.0111111111111111
0.0283950617283951
0.00493827160493827
0.0135802469135802
0.00864197530864197
0.045679012345679
0.0135802469135802
0.182716049382716
0.0666666666666667
0.0555555555555556
0.0654320987654321
0.0197530864197531
0.0271604938271605
0.0296296296296296
0.0938271604938272
0.0148148148148148
0.0444444444444444
0.0753086419753086
0.0567901234567901
0.0037037037037037
0.0271604938271605
0.0654320987654321
0.0259259259259259
0.054320987654321
0.0432098765432099
0.106172839506173
0.0320987654320988
0.0691358024691358
0.0432098765432099
0.0172839506172839
0.0209876543209877
0.00740740740740741
0.00987654320987654
0.00864197530864197
0.0395061728395062
0.00493827160493827
0.0222222222222222
0.0296296296296296
0.0209876543209877
0.00246913580246914
0.00740740740740741
0.0283950617283951
0.00740740740740741
0.0197530864197531
0.00740740740740741
0.0395061728395062
0.00493827160493827
0.154320987654321
0.0839506172839506
0.0333333333333333
0.0691358024691358
0.00617283950617284
0.0148148148148148
0.0172839506172839
0.062962962962963
0.0172839506172839
0.0469135802469136
0.0617283950617284
0.0345679012345679
0.00493827160493827
0.0222222222222222
0.091358024691358
0.00987654320987654
0.0234567901234568
0.0345679012345679
0.109876543209877
0.0160493827160494
0.312345679012346
0.171604938271605
0.0728395061728395
0.144444444444444
0.0185185185185185
0.0259259259259259
0.0296296296296296
0.104938271604938
0.0395061728395062
0.0827160493827161
0.116049382716049
0.0777777777777778
0.00864197530864197
0.0296296296296296
0.174074074074074
0.0283950617283951
0.0567901234567901
0.0567901234567901
0.218518518518519
0.0320987654320988
0.197530864197531
0.182716049382716
0.0419753086419753
0.165432098765432
0.00740740740740741
0.0283950617283951
0.00987654320987654
0.0444444444444444
0.0185185185185185
0.0518518518518519
0.106172839506173
0.111111111111111
0.00617283950617284
0.00987654320987654
0.18641975308642
0.00740740740740741
0.0506172839506173
0.0432098765432099
0.216049382716049
0.0234567901234568
0.0148148148148148
0.0172839506172839
0.0037037037037037
0.00493827160493827
0.00123456790123457
0.00123456790123457
0.0037037037037037
0.00493827160493827
0.00123456790123457
0.0037037037037037
0.00493827160493827
0.0135802469135802
0
0.00123456790123457
0.0197530864197531
0.00123456790123457
0.0037037037037037
0.00123456790123457
0.0135802469135802
0
0.0765432098765432
0.0259259259259259
0.0111111111111111
0.0246913580246914
0.00493827160493827
0.00740740740740741
0.0123456790123457
0.0160493827160494
0.00864197530864197
0.0185185185185185
0.0296296296296296
0.0209876543209877
0.00123456790123457
0.0123456790123457
0.054320987654321
0.00493827160493827
0.0148148148148148
0.0135802469135802
0.0444444444444444
0.0111111111111111
0.471604938271605
0.334567901234568
0.112345679012346
0.390123456790123
0.0222222222222222
0.0555555555555556
0.0246913580246914
0.0753086419753086
0.0259259259259259
0.0654320987654321
0.222222222222222
0.251851851851852
0.0197530864197531
0.045679012345679
0.391358024691358
0.0333333333333333
0.1
0.0814814814814815
0.472839506172839
0.0407407407407407
0.0358024691358025
0.0308641975308642
0.0185185185185185
0.0172839506172839
0.00123456790123457
0.00617283950617284
0.00987654320987654
0.0148148148148148
0.00740740740740741
0.0148148148148148
0.0234567901234568
0.0185185185185185
0.00123456790123457
0.00740740740740741
0.037037037037037
0.00864197530864197
0.00740740740740741
0.0111111111111111
0.0234567901234568
0.00617283950617284
0.158024691358025
0.0975308641975309
0.0296296296296296
0.0716049382716049
0.0135802469135802
0.0172839506172839
0.0234567901234568
0.0308641975308642
0.0123456790123457
0.0444444444444444
0.0481481481481481
0.0419753086419753
0.00123456790123457
0.0160493827160494
0.106172839506173
0.00617283950617284
0.0283950617283951
0.0234567901234568
0.128395061728395
0.0259259259259259
0.0987654320987654
0.0876543209876543
0.037037037037037
0.0666666666666667
0.00740740740740741
0.0111111111111111
0.0197530864197531
0.0296296296296296
0.0172839506172839
0.0283950617283951
0.0506172839506173
0.0518518518518519
0.00246913580246914
0.0123456790123457
0.0555555555555556
0.00493827160493827
0.0308641975308642
0.0160493827160494
0.0765432098765432
0.0185185185185185
0.818518518518519
0.276543209876543
0.108641975308642
0.264197530864198
0.0296296296296296
0.0506172839506173
0.0246913580246914
0.0851851851851852
0.0320987654320988
0.137037037037037
0.174074074074074
0.208641975308642
0.0123456790123457
0.0654320987654321
0.650617283950617
0.045679012345679
0.0876543209876543
0.0740740740740741
1
0.0617283950617284
0.0691358024691358
0.037037037037037
0.0308641975308642
0.0358024691358025
0.00493827160493827
0.0111111111111111
0.00864197530864197
0.0259259259259259
0.00617283950617284
0.0148148148148148
0.0395061728395062
0.0148148148148148
0
0.0111111111111111
0.0382716049382716
0.00493827160493827
0.0197530864197531
0.0123456790123457
0.0703703703703704
0.00987654320987654
