548
432
131
329
28
59
75
177
77
124
284
181
18
51
506
35
144
143
596
83
441
269
79
237
26
44
32
110
52
79
195
122
11
33
323
29
109
74
382
51
104
106
30
74
5
19
24
48
17
19
63
47
7
10
82
12
37
28
116
19
262
300
73
279
8
47
19
64
40
63
158
176
13
36
259
24
74
71
319
35
58
34
7
35
5
3
7
15
9
10
16
15
3
5
46
1
14
5
44
5
51
49
19
42
5
11
5
24
10
11
39
29
3
8
43
6
12
10
43
4
61
42
14
20
7
4
15
30
12
15
34
24
3
9
28
7
17
12
45
21
175
67
47
62
16
20
32
75
22
46
68
64
7
28
66
23
57
40
96
35
91
44
18
34
6
11
14
28
8
21
31
22
7
9
30
6
23
18
48
11
145
78
34
67
9
7
17
63
17
35
50
36
4
16
90
15
26
31
94
19
264
183
69
145
16
25
32
100
33
70
125
84
7
25
173
27
51
50
178
41
183
176
40
163
12
25
20
58
20
37
110
114
9
14
176
10
55
54
193
22
15
17
4
6
2
0
4
6
0
5
7
12
1
1
19
1
5
1
20
4
80
36
16
23
9
5
11
16
9
22
25
22
1
9
44
2
16
11
45
8
489
318
95
357
25
47
28
71
35
76
179
226
11
44
341
29
99
80
413
52
36
25
16
20
1
6
8
14
12
22
26
15
2
6
32
7
5
10
28
4
138
120
31
66
19
21
22
30
21
32
52
51
4
19
92
12
38
19
105
31
89
85
29
84
10
18
14
28
23
28
50
55
5
14
65
7
20
18
80
13
726
283
93
242
29
44
34
61
49
120
155
174
14
63
559
38
94
55
830
59
83
51
24
37
8
10
7
29
14
19
34
24
1
11
48
5
33
9
68
10
