0.596407185628743
0.441916167664671
0.149700598802395
0.354491017964072
0.0323353293413174
0.0754491017964072
0.0754491017964072
0.173652694610778
0.0730538922155689
0.136526946107784
0.301796407185629
0.204790419161677
0.0155688622754491
0.0610778443113772
0.554491017964072
0.0431137724550898
0.165269461077844
0.14251497005988
0.694610778443114
0.0754491017964072
0.489820359281437
0.292215568862275
0.0826347305389222
0.233532934131737
0.0311377245508982
0.0431137724550898
0.0407185628742515
0.102994011976048
0.0526946107784431
0.0766467065868263
0.2
0.117365269461078
0.00718562874251497
0.037125748502994
0.349700598802395
0.0311377245508982
0.11497005988024
0.0694610778443114
0.422754491017964
0.0550898203592814
0.104191616766467
0.106586826347305
0.0335329341317365
0.0934131736526946
0.00718562874251497
0.0119760479041916
0.0215568862275449
0.0562874251497006
0.0203592814371257
0.0275449101796407
0.0622754491017964
0.0502994011976048
0.00479041916167665
0.0155688622754491
0.0934131736526946
0.0119760479041916
0.0479041916167665
0.0275449101796407
0.126946107784431
0.0167664670658683
0.280239520958084
0.347305389221557
0.074251497005988
0.341317365269461
0.00838323353293413
0.0694610778443114
0.0131736526946108
0.0694610778443114
0.0335329341317365
0.0598802395209581
0.170059880239521
0.188023952095808
0.00598802395209581
0.0335329341317365
0.259880239520958
0.0227544910179641
0.0718562874251497
0.0634730538922156
0.320958083832335
0.037125748502994
0.067065868263473
0.0467065868263473
0.00598802395209581
0.037125748502994
0.00479041916167665
0.00718562874251497
0.00598802395209581
0.0167664670658683
0.00479041916167665
0.0119760479041916
0.0275449101796407
0.0155688622754491
0
0.00598802395209581
0.0419161676646707
0.00359281437125748
0.0119760479041916
0.00479041916167665
0.0455089820359281
0.00359281437125748
0.0634730538922156
0.0610778443113772
0.0191616766467066
0.0538922155688623
0.00239520958083832
0.00359281437125748
0.00838323353293413
0.0203592814371257
0.0119760479041916
0.0131736526946108
0.0383233532934132
0.0311377245508982
0.00239520958083832
0.00119760479041916
0.0550898203592814
0.00479041916167665
0.0215568862275449
0.00958083832335329
0.067065868263473
0.00479041916167665
0.0598802395209581
0.0502994011976048
0.0275449101796407
0.0227544910179641
0.00718562874251497
0.00359281437125748
0.0179640718562874
0.0419161676646707
0.0107784431137725
0.0143712574850299
0.0395209580838323
0.0191616766467066
0.00359281437125748
0.0107784431137725
0.0383233532934132
0.00359281437125748
0.0227544910179641
0.00958083832335329
0.0407185628742515
0.0179640718562874
0.194011976047904
0.0694610778443114
0.0395209580838323
0.0646706586826347
0.0191616766467066
0.0311377245508982
0.0395209580838323
0.0898203592814371
0.0203592814371257
0.0491017964071856
0.0682634730538922
0.0526946107784431
0.00359281437125748
0.0347305389221557
0.081437125748503
0.0191616766467066
0.0502994011976048
0.0383233532934132
0.112574850299401
0.037125748502994
0.081437125748503
0.051497005988024
0.0227544910179641
0.0263473053892216
0.00718562874251497
0.0131736526946108
0.0155688622754491
0.0311377245508982
0.00718562874251497
0.0215568862275449
0.0383233532934132
0.0251497005988024
0.00359281437125748
0.0107784431137725
0.0335329341317365
0.00718562874251497
0.0227544910179641
0.0107784431137725
0.0407185628742515
0.00718562874251497
0.150898203592814
0.074251497005988
0.0227544910179641
0.067065868263473
0.00718562874251497
0.00958083832335329
0.0203592814371257
0.074251497005988
0.0239520958083832
0.0419161676646707
0.0562874251497006
0.0311377245508982
0.00838323353293413
0.0155688622754491
0.0994011976047904
0.0107784431137725
0.0311377245508982
0.0275449101796407
0.116167664670659
0.0179640718562874
0.308982035928144
0.183233532934132
0.067065868263473
0.129341317365269
0.0191616766467066
0.0407185628742515
0.0311377245508982
0.105389221556886
0.0359281437125748
0.0730538922155689
0.111377245508982
0.0982035928143713
0.00718562874251497
0.0251497005988024
0.177245508982036
0.0251497005988024
0.0586826347305389
0.0610778443113772
0.201197604790419
0.044311377245509
0.2
0.182035928143713
0.0467065868263473
0.147305389221557
0.0143712574850299
0.0275449101796407
0.0167664670658683
0.0598802395209581
0.0263473053892216
0.0455089820359281
0.111377245508982
0.0982035928143713
0.00958083832335329
0.0155688622754491
0.195209580838323
0.00718562874251497
0.0586826347305389
0.0526946107784431
0.203592814371257
0.0215568862275449
0.0131736526946108
0.0119760479041916
0.00359281437125748
0.00359281437125748
0.00119760479041916
0.00119760479041916
0.00359281437125748
0.00718562874251497
0.00119760479041916
0.00359281437125748
0.00718562874251497
0.0107784431137725
0
0
0.0167664670658683
0.00119760479041916
0.00598802395209581
0.00598802395209581
0.0143712574850299
0.00359281437125748
0.0754491017964072
0.0383233532934132
0.0227544910179641
0.0251497005988024
0.00239520958083832
0.00479041916167665
0.0143712574850299
0.0155688622754491
0.0107784431137725
0.0203592814371257
0.0203592814371257
0.0227544910179641
0.00239520958083832
0.0107784431137725
0.0467065868263473
0.00239520958083832
0.0179640718562874
0.0119760479041916
0.0634730538922156
0.0179640718562874
0.523353293413174
0.341317365269461
0.110179640718563
0.384431137724551
0.0251497005988024
0.067065868263473
0.0347305389221557
0.0730538922155689
0.037125748502994
0.0754491017964072
0.223952095808383
0.247904191616766
0.0215568862275449
0.0491017964071856
0.378443113772455
0.0287425149700599
0.116167664670659
0.0862275449101796
0.461077844311377
0.0467065868263473
0.0359281437125748
0.0323353293413174
0.0119760479041916
0.0191616766467066
0.00119760479041916
0.00479041916167665
0.00838323353293413
0.0167664670658683
0.00718562874251497
0.0119760479041916
0.0275449101796407
0.0203592814371257
0
0.00479041916167665
0.0359281437125748
0.00359281437125748
0.00718562874251497
0.0131736526946108
0.029940119760479
0.00479041916167665
0.166467065868263
0.112574850299401
0.0395209580838323
0.0682634730538922
0.0179640718562874
0.00838323353293413
0.0359281437125748
0.0335329341317365
0.0179640718562874
0.0383233532934132
0.0574850299401198
0.0502994011976048
0.00119760479041916
0.0239520958083832
0.108982035928144
0.0155688622754491
0.0323353293413174
0.0191616766467066
0.120958083832335
0.0215568862275449
0.110179640718563
0.088622754491018
0.0347305389221557
0.0910179640718563
0.00718562874251497
0.0107784431137725
0.0179640718562874
0.0263473053892216
0.0167664670658683
0.0323353293413174
0.0455089820359281
0.0395209580838323
0.00479041916167665
0.0131736526946108
0.0598802395209581
0.00598802395209581
0.0227544910179641
0.0191616766467066
0.0850299401197605
0.0179640718562874
0.786826347305389
0.275449101796407
0.106586826347305
0.27185628742515
0.0359281437125748
0.0538922155688623
0.029940119760479
0.0766467065868263
0.0550898203592814
0.143712574850299
0.165269461077844
0.201197604790419
0.0131736526946108
0.067065868263473
0.659880239520958
0.044311377245509
0.0922155688622754
0.0694610778443114
1
0.0646706586826347
0.0790419161676647
0.0574850299401198
0.0263473053892216
0.0419161676646707
0.00838323353293413
0.00958083832335329
0.0107784431137725
0.0239520958083832
0.0107784431137725
0.0107784431137725
0.0335329341317365
0.0179640718562874
0.00239520958083832
0.0107784431137725
0.0502994011976048
0.00598802395209581
0.0263473053892216
0.0131736526946108
0.074251497005988
0.0107784431137725
