0.63133097762073
0.460541813898704
0.149587750294464
0.355712603062426
0.0294464075382803
0.0565371024734982
0.0895170789163722
0.186101295641932
0.0694935217903416
0.14605418138987
0.333333333333333
0.223792697290931
0.0141342756183746
0.055359246171967
0.554770318021201
0.0412249705535925
0.159010600706714
0.14605418138987
0.707891637220259
0.0859835100117786
0.492343934040047
0.285041224970554
0.0848056537102474
0.24263839811543
0.0259128386336867
0.0341578327444052
0.0412249705535925
0.121319199057715
0.0530035335689046
0.0789163722025913
0.189634864546525
0.131919905771496
0.0106007067137809
0.0400471142520612
0.389870435806832
0.03886925795053
0.108362779740872
0.0871613663133098
0.444051825677267
0.0518256772673734
0.120141342756184
0.121319199057715
0.032979976442874
0.0848056537102474
0.00471142520612485
0.016489988221437
0.0235571260306243
0.0577149587750294
0.0212014134275618
0.0294464075382803
0.0624263839811543
0.0353356890459364
0.00588928150765607
0.0141342756183746
0.0977620730270907
0.0106007067137809
0.0424028268551237
0.0270906949352179
0.143698468786808
0.0176678445229682
0.306242638398115
0.327444051825677
0.0836277974087161
0.340400471142521
0.0106007067137809
0.0577149587750294
0.0200235571260306
0.0730270906949352
0.049469964664311
0.0518256772673734
0.166077738515901
0.195524146054181
0.0129564193168433
0.0247349823321555
0.268551236749117
0.0188457008244994
0.0871613663133098
0.0800942285041225
0.360424028268551
0.032979976442874
0.0706713780918728
0.032979976442874
0.00824499411071849
0.0412249705535925
0.00706713780918728
0.00588928150765607
0.00824499411071849
0.0176678445229682
0.00706713780918728
0.0129564193168433
0.0235571260306243
0.0188457008244994
0.00235571260306243
0.00471142520612485
0.0365135453474676
0.00824499411071849
0.0106007067137809
0.00706713780918728
0.0482921083627797
0.00353356890459364
0.0706713780918728
0.0683156654888104
0.0176678445229682
0.0588928150765607
0.00588928150765607
0.00824499411071849
0.00471142520612485
0.0235571260306243
0.0106007067137809
0.0106007067137809
0.032979976442874
0.0318021201413428
0.00235571260306243
0.00471142520612485
0.0471142520612485
0.00588928150765607
0.0153121319199058
0.00824499411071849
0.0459363957597173
0.00471142520612485
0.0588928150765607
0.0435806831566549
0.0306242638398115
0.016489988221437
0.00824499411071849
0.00235571260306243
0.0176678445229682
0.0353356890459364
0.0141342756183746
0.016489988221437
0.032979976442874
0.0235571260306243
0.00353356890459364
0.0106007067137809
0.0412249705535925
0.00353356890459364
0.0247349823321555
0.0129564193168433
0.0459363957597173
0.0212014134275618
0.175500588928151
0.0812720848056537
0.049469964664311
0.0753828032979976
0.0200235571260306
0.0282685512367491
0.0306242638398115
0.0965842167255595
0.0235571260306243
0.0482921083627797
0.0777385159010601
0.0683156654888104
0.0094228504122497
0.0270906949352179
0.0730270906949352
0.0200235571260306
0.0506478209658422
0.0482921083627797
0.123674911660777
0.0353356890459364
0.0859835100117786
0.0424028268551237
0.0141342756183746
0.0318021201413428
0.00824499411071849
0.0129564193168433
0.0129564193168433
0.0306242638398115
0.0094228504122497
0.0223792697290931
0.0365135453474676
0.0294464075382803
0.00471142520612485
0.00824499411071849
0.0353356890459364
0.00235571260306243
0.0235571260306243
0.0176678445229682
0.0482921083627797
0.0106007067137809
0.141342756183746
0.0824499411071849
0.0259128386336867
0.0753828032979976
0.0094228504122497
0.0106007067137809
0.0212014134275618
0.0647820965842167
0.0188457008244994
0.0459363957597173
0.0541813898704358
0.0365135453474676
0.00824499411071849
0.0141342756183746
0.0930506478209658
0.0176678445229682
0.0341578327444052
0.0306242638398115
0.109540636042403
0.0247349823321555
0.309776207302709
0.206124852767962
0.0636042402826855
0.12603062426384
0.0188457008244994
0.0400471142520612
0.0282685512367491
0.106007067137809
0.0365135453474676
0.0765606595995289
0.127208480565371
0.0942285041224971
0.00824499411071849
0.0306242638398115
0.187279151943463
0.0318021201413428
0.0424028268551237
0.0647820965842167
0.21319199057715
0.0376914016489988
0.210836277974087
0.193168433451119
0.0506478209658422
0.166077738515901
0.0106007067137809
0.0306242638398115
0.0212014134275618
0.0565371024734982
0.0235571260306243
0.0376914016489988
0.118963486454653
0.111896348645465
0.0094228504122497
0.016489988221437
0.19434628975265
0.00824499411071849
0.0659599528857479
0.0506478209658422
0.221436984687868
0.0223792697290931
0.0223792697290931
0.0153121319199058
0.00471142520612485
0.0153121319199058
0
0.00353356890459364
0.00117785630153121
0.00706713780918728
0.00117785630153121
0.00588928150765607
0.0094228504122497
0.00824499411071849
0.00117785630153121
0
0.016489988221437
0
0.00588928150765607
0.00471142520612485
0.0188457008244994
0.00706713780918728
0.0765606595995289
0.0353356890459364
0.0188457008244994
0.0200235571260306
0.00471142520612485
0.00824499411071849
0.0188457008244994
0.0176678445229682
0.0094228504122497
0.0188457008244994
0.0282685512367491
0.016489988221437
0.00353356890459364
0.0106007067137809
0.049469964664311
0.00117785630153121
0.0176678445229682
0.00706713780918728
0.0530035335689046
0.0141342756183746
0.517078916372203
0.369846878680801
0.122497055359246
0.412249705535925
0.0259128386336867
0.0600706713780919
0.0247349823321555
0.0848056537102474
0.0365135453474676
0.0765606595995289
0.210836277974087
0.235571260306243
0.0235571260306243
0.03886925795053
0.416961130742049
0.0318021201413428
0.0930506478209658
0.0918727915194346
0.472320376914017
0.0600706713780919
0.0400471142520612
0.0259128386336867
0.00471142520612485
0.0235571260306243
0.00471142520612485
0.0094228504122497
0.0094228504122497
0.0247349823321555
0.00471142520612485
0.0212014134275618
0.0294464075382803
0.0259128386336867
0.00235571260306243
0.00471142520612485
0.0341578327444052
0.00353356890459364
0.00588928150765607
0.00471142520612485
0.0259128386336867
0.00824499411071849
0.15547703180212
0.115429917550059
0.0365135453474676
0.0636042402826855
0.0117785630153121
0.0188457008244994
0.0270906949352179
0.0306242638398115
0.0176678445229682
0.0294464075382803
0.0612485276796231
0.0424028268551237
0.00117785630153121
0.0200235571260306
0.120141342756184
0.0141342756183746
0.03886925795053
0.0235571260306243
0.130742049469965
0.0235571260306243
0.113074204946996
0.0930506478209658
0.03886925795053
0.0848056537102474
0.0094228504122497
0.0129564193168433
0.0212014134275618
0.0247349823321555
0.0188457008244994
0.0318021201413428
0.0400471142520612
0.0565371024734982
0.00588928150765607
0.0235571260306243
0.0742049469964664
0.00706713780918728
0.0318021201413428
0.016489988221437
0.101295641931684
0.0141342756183746
0.831566548881037
0.316843345111896
0.110718492343934
0.28150765606596
0.0447585394581861
0.055359246171967
0.032979976442874
0.0800942285041225
0.055359246171967
0.134275618374558
0.182567726737338
0.207302709069494
0.0200235571260306
0.0659599528857479
0.641931684334511
0.0424028268551237
0.104829210836278
0.0824499411071849
1
0.0683156654888104
0.0918727915194346
0.049469964664311
0.0270906949352179
0.0588928150765607
0.00824499411071849
0.0106007067137809
0.0094228504122497
0.0235571260306243
0.00706713780918728
0.0247349823321555
0.0353356890459364
0.0282685512367491
0.00117785630153121
0.016489988221437
0.0424028268551237
0.00588928150765607
0.0247349823321555
0.0106007067137809
0.0683156654888104
0.00824499411071849
