0.604838709677419
0.432027649769585
0.129032258064516
0.373271889400922
0.032258064516129
0.0702764976958525
0.0599078341013825
0.152073732718894
0.0691244239631336
0.114055299539171
0.277649769585253
0.197004608294931
0.00806451612903226
0.0495391705069124
0.539170506912442
0.0403225806451613
0.123271889400922
0.118663594470046
0.68778801843318
0.0679723502304147
0.485023041474654
0.267281105990783
0.0806451612903226
0.256912442396313
0.021889400921659
0.0311059907834101
0.0253456221198157
0.0702764976958525
0.0506912442396313
0.0725806451612903
0.162442396313364
0.120967741935484
0.00806451612903226
0.0288018433179724
0.388248847926267
0.0288018433179724
0.0967741935483871
0.065668202764977
0.43778801843318
0.0506912442396313
0.100230414746544
0.0898617511520737
0.0253456221198157
0.0829493087557604
0.00460829493087558
0.0149769585253456
0.0149769585253456
0.0368663594470046
0.0115207373271889
0.0207373271889401
0.0599078341013825
0.0460829493087558
0.00345622119815668
0.00806451612903226
0.0898617511520737
0.00921658986175115
0.032258064516129
0.0264976958525346
0.119815668202765
0.0161290322580645
0.311059907834101
0.329493087557604
0.0714285714285714
0.365207373271889
0.00806451612903226
0.0633640552995392
0.0172811059907834
0.0702764976958525
0.0311059907834101
0.0587557603686636
0.179723502304147
0.202764976958525
0.00230414746543779
0.0334101382488479
0.278801843317972
0.0195852534562212
0.065668202764977
0.0576036866359447
0.349078341013825
0.0391705069124424
0.0552995391705069
0.0311059907834101
0.00576036866359447
0.0357142857142857
0.00806451612903226
0.00576036866359447
0.00806451612903226
0.01036866359447
0.00345622119815668
0.0115207373271889
0.0207373271889401
0.0195852534562212
0.00115207373271889
0.00230414746543779
0.0426267281105991
0.00691244239631336
0.01036866359447
0.00460829493087558
0.043778801843318
0.00576036866359447
0.0576036866359447
0.0633640552995392
0.0230414746543779
0.0518433179723502
0.00345622119815668
0.00921658986175115
0.00806451612903226
0.0126728110599078
0.00576036866359447
0.0126728110599078
0.032258064516129
0.0288018433179724
0.00115207373271889
0.00345622119815668
0.0460829493087558
0.00576036866359447
0.0149769585253456
0.00806451612903226
0.0564516129032258
0.00576036866359447
0.043778801843318
0.0403225806451613
0.0149769585253456
0.0149769585253456
0.00460829493087558
0.00230414746543779
0.0149769585253456
0.0299539170506912
0.01036866359447
0.0115207373271889
0.0264976958525346
0.0115207373271889
0.00115207373271889
0.0115207373271889
0.0230414746543779
0.00230414746543779
0.0172811059907834
0.00806451612903226
0.0299539170506912
0.0126728110599078
0.130184331797235
0.0679723502304147
0.0357142857142857
0.0610599078341014
0.0149769585253456
0.0241935483870968
0.0253456221198157
0.0622119815668203
0.0149769585253456
0.0357142857142857
0.0599078341013825
0.0380184331797235
0.00576036866359447
0.0184331797235023
0.0599078341013825
0.0195852534562212
0.0403225806451613
0.0276497695852535
0.0852534562211982
0.0345622119815668
0.0679723502304147
0.0368663594470046
0.0126728110599078
0.021889400921659
0.00576036866359447
0.00921658986175115
0.0126728110599078
0.0299539170506912
0.00576036866359447
0.0207373271889401
0.0241935483870968
0.0184331797235023
0.00115207373271889
0.00921658986175115
0.0380184331797235
0.00806451612903226
0.0161290322580645
0.00921658986175115
0.0449308755760369
0.00806451612903226
0.131336405529954
0.0714285714285714
0.021889400921659
0.0737327188940092
0.00576036866359447
0.00576036866359447
0.0138248847926267
0.0599078341013825
0.0184331797235023
0.0368663594470046
0.0518433179723502
0.0391705069124424
0.00576036866359447
0.0184331797235023
0.0829493087557604
0.00691244239631336
0.021889400921659
0.0195852534562212
0.100230414746544
0.0115207373271889
0.254608294930876
0.182027649769585
0.0506912442396313
0.114055299539171
0.0149769585253456
0.0345622119815668
0.0195852534562212
0.0817972350230415
0.0241935483870968
0.0725806451612903
0.1036866359447
0.107142857142857
0.00576036866359447
0.0195852534562212
0.168202764976959
0.0230414746543779
0.0403225806451613
0.0518433179723502
0.195852534562212
0.0449308755760369
0.19815668202765
0.188940092165899
0.0495391705069124
0.173963133640553
0.01036866359447
0.0253456221198157
0.0126728110599078
0.0426267281105991
0.0230414746543779
0.0334101382488479
0.0875576036866359
0.112903225806452
0.00691244239631336
0.0138248847926267
0.184331797235023
0.00691244239631336
0.0506912442396313
0.0506912442396313
0.223502304147465
0.0230414746543779
0.0172811059907834
0.0115207373271889
0
0.00806451612903226
0.00115207373271889
0.00115207373271889
0.00115207373271889
0.00691244239631336
0.00115207373271889
0.00230414746543779
0.00806451612903226
0.00806451612903226
0.00115207373271889
0.00115207373271889
0.0126728110599078
0
0.00230414746543779
0.00345622119815668
0.01036866359447
0.00345622119815668
0.0668202764976959
0.0299539170506912
0.0138248847926267
0.0241935483870968
0.00806451612903226
0.00691244239631336
0.00691244239631336
0.0115207373271889
0.00806451612903226
0.0149769585253456
0.0207373271889401
0.0115207373271889
0.00345622119815668
0.00460829493087558
0.0506912442396313
0.00230414746543779
0.0184331797235023
0.00806451612903226
0.0506912442396313
0.00691244239631336
0.486175115207373
0.373271889400922
0.110599078341014
0.407834101382488
0.0241935483870968
0.0622119815668203
0.0299539170506912
0.0633640552995392
0.0334101382488479
0.0599078341013825
0.207373271889401
0.238479262672811
0.0207373271889401
0.0368663594470046
0.405529953917051
0.0276497695852535
0.0944700460829493
0.076036866359447
0.463133640552995
0.054147465437788
0.0403225806451613
0.0334101382488479
0.01036866359447
0.0195852534562212
0.00345622119815668
0.00576036866359447
0.00806451612903226
0.0195852534562212
0.00691244239631336
0.0172811059907834
0.0241935483870968
0.0172811059907834
0.00115207373271889
0.00576036866359447
0.0253456221198157
0.00576036866359447
0.00691244239631336
0.00691244239631336
0.0195852534562212
0.00691244239631336
0.139400921658986
0.0887096774193548
0.0264976958525346
0.0725806451612903
0.0115207373271889
0.0115207373271889
0.0138248847926267
0.0138248847926267
0.0126728110599078
0.0276497695852535
0.0472350230414747
0.032258064516129
0.00460829493087558
0.0115207373271889
0.097926267281106
0.0161290322580645
0.0276497695852535
0.0161290322580645
0.115207373271889
0.0195852534562212
0.0990783410138249
0.0794930875576037
0.0241935483870968
0.0748847926267281
0.00576036866359447
0.0126728110599078
0.01036866359447
0.0161290322580645
0.0172811059907834
0.0195852534562212
0.0334101382488479
0.0426267281105991
0.00115207373271889
0.0161290322580645
0.0610599078341014
0.00691244239631336
0.0207373271889401
0.00691244239631336
0.0771889400921659
0.00921658986175115
0.808755760368664
0.293778801843318
0.0933179723502304
0.278801843317972
0.032258064516129
0.0518433179723502
0.0230414746543779
0.0552995391705069
0.0426267281105991
0.139400921658986
0.153225806451613
0.205069124423963
0.0172811059907834
0.0645161290322581
0.653225806451613
0.0426267281105991
0.0864055299539171
0.0610599078341014
1
0.0610599078341014
0.0714285714285714
0.0518433179723502
0.0184331797235023
0.0506912442396313
0.00691244239631336
0.00691244239631336
0.00576036866359447
0.0161290322580645
0.01036866359447
0.0172811059907834
0.0288018433179724
0.0230414746543779
0.00230414746543779
0.0126728110599078
0.0391705069124424
0.00691244239631336
0.0253456221198157
0.00921658986175115
0.076036866359447
0.01036866359447
