0.706666666666667
0.512727272727273
0.157575757575758
0.362424242424242
0.0339393939393939
0.0642424242424242
0.063030303030303
0.174545454545455
0.0848484848484849
0.139393939393939
0.32
0.204848484848485
0.023030303030303
0.0606060606060606
0.621818181818182
0.0472727272727273
0.157575757575758
0.126060606060606
0.716363636363636
0.0848484848484849
0.524848484848485
0.296969696969697
0.0848484848484849
0.263030303030303
0.0303030303030303
0.04
0.0339393939393939
0.107878787878788
0.056969696969697
0.0872727272727273
0.203636363636364
0.121212121212121
0.0109090909090909
0.0327272727272727
0.410909090909091
0.0363636363636364
0.106666666666667
0.0751515151515151
0.459393939393939
0.0496969696969697
0.105454545454545
0.112727272727273
0.0412121212121212
0.103030303030303
0.00606060606060606
0.0181818181818182
0.016969696969697
0.0472727272727273
0.023030303030303
0.0315151515151515
0.0703030303030303
0.056969696969697
0.0096969696969697
0.0096969696969697
0.103030303030303
0.0133333333333333
0.0436363636363636
0.0375757575757576
0.130909090909091
0.0145454545454545
0.298181818181818
0.36
0.0872727272727273
0.367272727272727
0.00848484848484849
0.0618181818181818
0.0206060606060606
0.0727272727272727
0.0412121212121212
0.0557575757575758
0.192727272727273
0.207272727272727
0.0133333333333333
0.0424242424242424
0.286060606060606
0.0206060606060606
0.0787878787878788
0.0727272727272727
0.351515151515152
0.04
0.0715151515151515
0.0290909090909091
0.0109090909090909
0.04
0.00727272727272727
0.00363636363636364
0.0096969696969697
0.0206060606060606
0.0096969696969697
0.0096969696969697
0.0193939393939394
0.0133333333333333
0.00121212121212121
0.00848484848484849
0.0424242424242424
0.00484848484848485
0.0157575757575758
0.00363636363636364
0.0557575757575758
0.00363636363636364
0.0557575757575758
0.0593939393939394
0.0193939393939394
0.0618181818181818
0.00363636363636364
0.0109090909090909
0.00727272727272727
0.023030303030303
0.00606060606060606
0.0109090909090909
0.0206060606060606
0.0351515151515151
0.00242424242424242
0.00484848484848485
0.0436363636363636
0.00484848484848485
0.023030303030303
0.0109090909090909
0.0545454545454545
0.00727272727272727
0.0509090909090909
0.0436363636363636
0.0218181818181818
0.0181818181818182
0.00363636363636364
0.00363636363636364
0.0206060606060606
0.0327272727272727
0.0121212121212121
0.0133333333333333
0.04
0.0181818181818182
0.00363636363636364
0.0096969696969697
0.0266666666666667
0.00727272727272727
0.0133333333333333
0.0121212121212121
0.0412121212121212
0.0133333333333333
0.176969696969697
0.0860606060606061
0.0387878787878788
0.0715151515151515
0.0133333333333333
0.0181818181818182
0.0351515151515151
0.0763636363636364
0.023030303030303
0.0484848484848485
0.0763636363636364
0.0460606060606061
0.00727272727272727
0.0290909090909091
0.0739393939393939
0.0218181818181818
0.0460606060606061
0.0436363636363636
0.103030303030303
0.0387878787878788
0.0884848484848485
0.0460606060606061
0.016969696969697
0.0339393939393939
0.00363636363636364
0.0096969696969697
0.0096969696969697
0.0327272727272727
0.0096969696969697
0.023030303030303
0.0266666666666667
0.0266666666666667
0.00363636363636364
0.0181818181818182
0.0387878787878788
0.0109090909090909
0.0121212121212121
0.0109090909090909
0.0509090909090909
0.00727272727272727
0.156363636363636
0.0896969696969697
0.0290909090909091
0.0751515151515151
0.0133333333333333
0.0109090909090909
0.0242424242424242
0.0642424242424242
0.016969696969697
0.0412121212121212
0.0618181818181818
0.0351515151515151
0.00242424242424242
0.023030303030303
0.0945454545454545
0.0096969696969697
0.0327272727272727
0.0315151515151515
0.106666666666667
0.0157575757575758
0.309090909090909
0.195151515151515
0.0763636363636364
0.173333333333333
0.0206060606060606
0.0315151515151515
0.0327272727272727
0.105454545454545
0.0303030303030303
0.0812121212121212
0.121212121212121
0.117575757575758
0.0096969696969697
0.0242424242424242
0.176969696969697
0.0266666666666667
0.063030303030303
0.0424242424242424
0.210909090909091
0.0387878787878788
0.226666666666667
0.196363636363636
0.0496969696969697
0.203636363636364
0.0109090909090909
0.0303030303030303
0.0121212121212121
0.0436363636363636
0.023030303030303
0.0424242424242424
0.116363636363636
0.132121212121212
0.00848484848484849
0.0121212121212121
0.201212121212121
0.00848484848484849
0.0460606060606061
0.0424242424242424
0.212121212121212
0.0290909090909091
0.0218181818181818
0.0218181818181818
0.00484848484848485
0.0133333333333333
0.00242424242424242
0.00242424242424242
0.00363636363636364
0.00606060606060606
0
0.00606060606060606
0.00848484848484849
0.0133333333333333
0.00121212121212121
0.00121212121212121
0.0193939393939394
0.00242424242424242
0.00242424242424242
0.00242424242424242
0.0181818181818182
0.00242424242424242
0.0824242424242424
0.0412121212121212
0.0206060606060606
0.0254545454545455
0.0096969696969697
0.00484848484848485
0.0133333333333333
0.0121212121212121
0.0096969696969697
0.0266666666666667
0.0303030303030303
0.0242424242424242
0.00121212121212121
0.0121212121212121
0.0472727272727273
0.00484848484848485
0.0133333333333333
0.0121212121212121
0.0509090909090909
0.0157575757575758
0.557575757575758
0.376969696969697
0.109090909090909
0.4
0.0254545454545455
0.0606060606060606
0.0266666666666667
0.0763636363636364
0.0339393939393939
0.0787878787878788
0.259393939393939
0.260606060606061
0.0254545454545455
0.0448484848484848
0.442424242424242
0.0327272727272727
0.104242424242424
0.0896969696969697
0.488484848484848
0.0484848484848485
0.04
0.0315151515151515
0.016969696969697
0.0254545454545455
0.00242424242424242
0.00727272727272727
0.0121212121212121
0.0145454545454545
0.00727272727272727
0.0193939393939394
0.0193939393939394
0.0218181818181818
0.00121212121212121
0.00848484848484849
0.0412121212121212
0.0096969696969697
0.00484848484848485
0.0109090909090909
0.0254545454545455
0.00606060606060606
0.174545454545455
0.113939393939394
0.0363636363636364
0.0557575757575758
0.0121212121212121
0.0133333333333333
0.023030303030303
0.0242424242424242
0.0206060606060606
0.0303030303030303
0.0496969696969697
0.0387878787878788
0.00484848484848485
0.0145454545454545
0.117575757575758
0.00484848484848485
0.0266666666666667
0.0218181818181818
0.123636363636364
0.023030303030303
0.124848484848485
0.08
0.0327272727272727
0.0751515151515151
0.00727272727272727
0.0181818181818182
0.016969696969697
0.0278787878787879
0.0181818181818182
0.0218181818181818
0.0448484848484848
0.0460606060606061
0.00484848484848485
0.016969696969697
0.0690909090909091
0.00242424242424242
0.0278787878787879
0.0193939393939394
0.0787878787878788
0.016969696969697
0.83030303030303
0.307878787878788
0.12
0.281212121212121
0.0448484848484848
0.0496969696969697
0.0193939393939394
0.0775757575757576
0.0412121212121212
0.149090909090909
0.172121212121212
0.213333333333333
0.0218181818181818
0.0703030303030303
0.647272727272727
0.0509090909090909
0.0896969696969697
0.0787878787878788
1
0.0678787878787879
0.0860606060606061
0.0472727272727273
0.0278787878787879
0.0351515151515151
0.0109090909090909
0.0096969696969697
0.00484848484848485
0.0339393939393939
0.0121212121212121
0.0206060606060606
0.0375757575757576
0.0145454545454545
0
0.0157575757575758
0.0448484848484848
0.00727272727272727
0.0303030303030303
0.0096969696969697
0.0739393939393939
0.0121212121212121
