0.722151088348271
0.516005121638924
0.144686299615877
0.402048655569782
0.0268886043533931
0.0717029449423816
0.0845070422535211
0.189500640204866
0.0934699103713188
0.135723431498079
0.376440460947503
0.235595390524968
0.0153649167733675
0.058898847631242
0.623559539052497
0.0371318822023047
0.17157490396927
0.154929577464789
0.747759282970551
0.0755441741357234
0.564660691421255
0.304737516005122
0.0832266325224072
0.293213828425096
0.0268886043533931
0.0448143405889885
0.0345710627400768
0.119078104993598
0.058898847631242
0.0960307298335467
0.213828425096031
0.11651728553137
0.0102432778489117
0.0435339308578745
0.421254801536492
0.0371318822023047
0.124199743918054
0.0793854033290653
0.443021766965429
0.0486555697823303
0.112676056338028
0.12932138284251
0.0192061459667093
0.0921895006402049
0.00512163892445583
0.0128040973111396
0.0204865556978233
0.058898847631242
0.0204865556978233
0.0268886043533931
0.0640204865556978
0.0512163892445583
0.00640204865556978
0.0128040973111396
0.112676056338028
0.0115236875800256
0.0448143405889885
0.0320102432778489
0.143405889884763
0.0166453265044814
0.344430217669654
0.396927016645326
0.0960307298335467
0.441741357234315
0.0115236875800256
0.058898847631242
0.0179257362355954
0.0704225352112676
0.0460947503201024
0.0614596670934699
0.189500640204866
0.221510883482714
0.0153649167733675
0.0345710627400768
0.298335467349552
0.0268886043533931
0.0909090909090909
0.0781049935979513
0.384122919334187
0.0396927016645326
0.0691421254801537
0.0409731113956466
0.0089628681177977
0.0460947503201024
0.00768245838668374
0.00384122919334187
0.00640204865556978
0.0192061459667093
0.00768245838668374
0.0089628681177977
0.0217669654289373
0.0140845070422535
0.00128040973111396
0.00640204865556978
0.0358514724711908
0.00512163892445583
0.0140845070422535
0.00640204865556978
0.0422535211267606
0.00256081946222791
0.0678617157490397
0.0614596670934699
0.0179257362355954
0.0653008962868118
0.00512163892445583
0.0102432778489117
0.00256081946222791
0.0243277848911652
0.0140845070422535
0.0102432778489117
0.0320102432778489
0.0345710627400768
0.00128040973111396
0.00768245838668374
0.0512163892445583
0.00384122919334187
0.0166453265044814
0.0140845070422535
0.0640204865556978
0.00512163892445583
0.0614596670934699
0.0320102432778489
0.028169014084507
0.0217669654289373
0.00640204865556978
0
0.0179257362355954
0.029449423815621
0.0115236875800256
0.0179257362355954
0.0230473751600512
0.0230473751600512
0.00640204865556978
0.00640204865556978
0.0268886043533931
0.00768245838668374
0.0217669654289373
0.0115236875800256
0.0550576184379001
0.0179257362355954
0.183098591549296
0.0781049935979513
0.0524967989756722
0.0665813060179257
0.0192061459667093
0.028169014084507
0.0268886043533931
0.0934699103713188
0.0217669654289373
0.0473751600512164
0.088348271446863
0.0614596670934699
0.0089628681177977
0.0332906530089629
0.0717029449423816
0.0217669654289373
0.0512163892445583
0.0448143405889885
0.1101152368758
0.0371318822023047
0.0985915492957746
0.0512163892445583
0.0128040973111396
0.0371318822023047
0.00512163892445583
0.0115236875800256
0.0166453265044814
0.0268886043533931
0.00512163892445583
0.0230473751600512
0.0332906530089629
0.0345710627400768
0.00512163892445583
0.0089628681177977
0.0384122919334187
0.00384122919334187
0.0243277848911652
0.0102432778489117
0.0384122919334187
0.0089628681177977
0.142125480153649
0.0755441741357234
0.028169014084507
0.088348271446863
0.0115236875800256
0.0166453265044814
0.0192061459667093
0.0717029449423816
0.0166453265044814
0.0384122919334187
0.057618437900128
0.0384122919334187
0.00768245838668374
0.0217669654289373
0.0985915492957746
0.0140845070422535
0.0320102432778489
0.0345710627400768
0.12291933418694
0.0192061459667093
0.336747759282971
0.209987195902689
0.0806658130601793
0.153649167733675
0.0166453265044814
0.0371318822023047
0.0243277848911652
0.11651728553137
0.0345710627400768
0.0768245838668374
0.151088348271447
0.112676056338028
0.0089628681177977
0.0371318822023047
0.193341869398207
0.030729833546735
0.0563380281690141
0.0537772087067862
0.207426376440461
0.0448143405889885
0.215108834827145
0.217669654289373
0.0473751600512164
0.192061459667093
0.0102432778489117
0.0320102432778489
0.0179257362355954
0.060179257362356
0.0256081946222791
0.0537772087067862
0.130601792573624
0.128040973111396
0.0089628681177977
0.0140845070422535
0.218950064020487
0.0102432778489117
0.058898847631242
0.0422535211267606
0.227912932138284
0.028169014084507
0.0204865556978233
0.0230473751600512
0.00384122919334187
0.00768245838668374
0
0
0.00512163892445583
0.00640204865556978
0
0.00640204865556978
0.0089628681177977
0.0102432778489117
0.00128040973111396
0.00128040973111396
0.0166453265044814
0.00256081946222791
0.00384122919334187
0.00384122919334187
0.0192061459667093
0.00512163892445583
0.0921895006402049
0.0371318822023047
0.0230473751600512
0.0358514724711908
0.0102432778489117
0.0089628681177977
0.0153649167733675
0.0153649167733675
0.00640204865556978
0.0230473751600512
0.030729833546735
0.0256081946222791
0.00256081946222791
0.0179257362355954
0.0550576184379001
0.00512163892445583
0.0179257362355954
0.0115236875800256
0.0563380281690141
0.0128040973111396
0.586427656850192
0.381562099871959
0.117797695262484
0.446862996158771
0.0204865556978233
0.0717029449423816
0.028169014084507
0.0755441741357234
0.0409731113956466
0.0755441741357234
0.203585147247119
0.275288092189501
0.0217669654289373
0.0691421254801537
0.441741357234315
0.0396927016645326
0.108834827144686
0.0960307298335467
0.507042253521127
0.0563380281690141
0.0345710627400768
0.0320102432778489
0.0115236875800256
0.0256081946222791
0.00384122919334187
0.0115236875800256
0.0115236875800256
0.0179257362355954
0.00640204865556978
0.0179257362355954
0.0256081946222791
0.0243277848911652
0.00128040973111396
0.00384122919334187
0.0332906530089629
0.0102432778489117
0.0102432778489117
0.0102432778489117
0.0371318822023047
0.0089628681177977
0.167733674775928
0.115236875800256
0.0345710627400768
0.0755441741357234
0.0166453265044814
0.0166453265044814
0.0268886043533931
0.028169014084507
0.0102432778489117
0.0358514724711908
0.0550576184379001
0.0473751600512164
0.00512163892445583
0.0204865556978233
0.12932138284251
0.0166453265044814
0.0320102432778489
0.0192061459667093
0.137003841229193
0.0243277848911652
0.119078104993598
0.0934699103713188
0.0473751600512164
0.0947503201024328
0.0089628681177977
0.0140845070422535
0.0217669654289373
0.0243277848911652
0.0140845070422535
0.030729833546735
0.0524967989756722
0.0550576184379001
0.00256081946222791
0.0166453265044814
0.0640204865556978
0.00640204865556978
0.0345710627400768
0.0230473751600512
0.0806658130601793
0.0128040973111396
0.871959026888604
0.330345710627401
0.113956466069142
0.306017925736236
0.0332906530089629
0.0486555697823303
0.0217669654289373
0.0729833546734955
0.0486555697823303
0.145966709346991
0.186939820742638
0.207426376440461
0.0166453265044814
0.0793854033290653
0.701664532650448
0.0435339308578745
0.0819462227912932
0.0819462227912932
1
0.0691421254801537
0.0985915492957746
0.0550576184379001
0.030729833546735
0.0384122919334187
0.00640204865556978
0.0128040973111396
0.00640204865556978
0.0268886043533931
0.0115236875800256
0.0243277848911652
0.0409731113956466
0.0243277848911652
0.00128040973111396
0.0102432778489117
0.0409731113956466
0.00384122919334187
0.0230473751600512
0.0102432778489117
0.0653008962868118
0.0089628681177977
