-0.333725029377203
-0.533490011750881
-0.867215041128085
-0.63689776733255
-0.969447708578143
-0.937720329024677
-0.929494712103408
-0.831962397179788
-0.921269095182139
-0.876615746180964
-0.679200940070505
-0.777908343125734
-0.982373678025852
-0.944770857814336
-0.423031727379553
-0.958871915393655
-0.855464159811986
-0.867215041128085
-0.318448883666275
-0.91186839012926
-0.495887191539365
-0.714453584018801
-0.924794359576968
-0.749706227967098
-0.977673325499412
-0.961222091656874
-0.965922444183314
-0.916568742655699
-0.942420681551116
-0.918918918918919
-0.794359576968273
-0.873090481786134
-0.989424206815511
-0.970622796709753
-0.615746180963572
-0.972972972972973
-0.902467685076381
-0.91069330199765
-0.539365452408931
-0.947121034077556
-0.900117508813161
-0.884841363102233
-0.965922444183314
-0.90599294947121
-0.99764982373678
-0.984723854289072
-0.981198589894242
-0.961222091656874
-0.984723854289072
-0.981198589894242
-0.934195064629847
-0.944770857814336
-0.994124559341951
-0.990599294947121
-0.91069330199765
-0.989424206815511
-0.956521739130435
-0.975323149236193
-0.873090481786134
-0.988249118683901
-0.72385428907168
-0.645123384253819
-0.927144535840188
-0.63807285546416
-0.991774383078731
-0.942420681551116
-0.987074030552291
-0.924794359576968
-0.962397179788484
-0.925969447708578
-0.833137485311398
-0.795534665099882
-0.988249118683901
-0.960047003525264
-0.721504112808461
-0.975323149236193
-0.928319623971798
-0.940070505287897
-0.642773207990599
-0.963572267920094
-0.938895417156287
-0.964747356051704
-0.99647473560517
-0.956521739130435
-0.99764982373678
-0.99647473560517
-0.992949471210341
-0.989424206815511
-0.99764982373678
-0.989424206815511
-0.988249118683901
-0.981198589894242
-0.99764982373678
-0.99764982373678
-0.962397179788484
-0.99647473560517
-0.994124559341951
-0.99764982373678
-0.947121034077556
-0.99764982373678
-0.934195064629847
-0.931844888366627
-0.978848413631022
-0.950646298472385
-0.99764982373678
-0.992949471210341
-0.994124559341951
-0.980023501762632
-0.99882491186839
-0.992949471210341
-0.962397179788484
-0.968272620446534
-0.99647473560517
-1
-0.963572267920094
-0.99647473560517
-0.983548766157462
-0.991774383078731
-0.947121034077556
-0.99529964747356
-0.948296122209166
-0.960047003525264
-0.981198589894242
-0.982373678025852
-0.992949471210341
-0.99647473560517
-0.982373678025852
-0.972972972972973
-0.984723854289072
-0.989424206815511
-0.971797884841363
-0.980023501762632
-0.99647473560517
-0.989424206815511
-0.968272620446534
-0.99529964747356
-0.983548766157462
-0.991774383078731
-0.957696827262045
-0.982373678025852
-0.82021151586369
-0.930669800235018
-0.955346650998825
-0.940070505287897
-0.985898942420682
-0.978848413631022
-0.972972972972973
-0.916568742655699
-0.977673325499412
-0.960047003525264
-0.930669800235018
-0.952996474735605
-0.994124559341951
-0.977673325499412
-0.928319623971798
-0.977673325499412
-0.954171562867215
-0.957696827262045
-0.91069330199765
-0.965922444183314
-0.921269095182139
-0.961222091656874
-0.982373678025852
-0.971797884841363
-0.99529964747356
-0.987074030552291
-0.988249118683901
-0.962397179788484
-0.994124559341951
-0.976498237367803
-0.972972972972973
-0.983548766157462
-0.99647473560517
-0.989424206815511
-0.960047003525264
-0.994124559341951
-0.984723854289072
-0.985898942420682
-0.951821386603995
-0.994124559341951
-0.850763807285546
-0.933019976498237
-0.970622796709753
-0.925969447708578
-0.988249118683901
-0.990599294947121
-0.977673325499412
-0.940070505287897
-0.976498237367803
-0.960047003525264
-0.950646298472385
-0.958871915393655
-0.994124559341951
-0.982373678025852
-0.902467685076381
-0.991774383078731
-0.972972972972973
-0.977673325499412
-0.889541715628672
-0.980023501762632
-0.710928319623972
-0.796709753231492
-0.930669800235018
-0.853113983548766
-0.987074030552291
-0.962397179788484
-0.972972972972973
-0.901292596944771
-0.963572267920094
-0.929494712103408
-0.886016451233843
-0.902467685076381
-0.99529964747356
-0.982373678025852
-0.802585193889542
-0.969447708578143
-0.943595769682726
-0.943595769682726
-0.803760282021152
-0.956521739130435
-0.780258519388954
-0.809635722679201
-0.954171562867215
-0.824911868390129
-0.992949471210341
-0.971797884841363
-0.982373678025852
-0.950646298472385
-0.983548766157462
-0.963572267920094
-0.901292596944771
-0.886016451233843
-0.991774383078731
-0.989424206815511
-0.794359576968273
-0.992949471210341
-0.945945945945946
-0.934195064629847
-0.776733254994125
-0.977673325499412
-0.984723854289072
-0.981198589894242
-0.99529964747356
-0.990599294947121
-1
-0.99882491186839
-0.99764982373678
-0.99529964747356
-1
-0.99529964747356
-0.989424206815511
-0.989424206815511
-1
-1
-0.980023501762632
-1
-0.99529964747356
-0.99647473560517
-0.985898942420682
-0.99529964747356
-0.929494712103408
-0.964747356051704
-0.982373678025852
-0.976498237367803
-0.99764982373678
-0.99529964747356
-0.990599294947121
-0.982373678025852
-0.994124559341951
-0.983548766157462
-0.977673325499412
-0.985898942420682
-0.99882491186839
-0.99647473560517
-0.944770857814336
-0.99764982373678
-0.991774383078731
-0.992949471210341
-0.940070505287897
-0.988249118683901
-0.470035252643948
-0.612220916568743
-0.884841363102233
-0.586368977673326
-0.974148061104583
-0.941245593419506
-0.972972972972973
-0.916568742655699
-0.969447708578143
-0.922444183313749
-0.753231492361927
-0.746180963572268
-0.977673325499412
-0.960047003525264
-0.567567567567568
-0.978848413631022
-0.900117508813161
-0.930669800235018
-0.540540540540541
-0.947121034077556
-0.963572267920094
-0.968272620446534
-0.987074030552291
-0.978848413631022
-0.99882491186839
-0.99647473560517
-0.991774383078731
-0.978848413631022
-0.990599294947121
-0.975323149236193
-0.978848413631022
-0.983548766157462
-1
-0.99529964747356
-0.962397179788484
-0.991774383078731
-0.99647473560517
-0.994124559341951
-0.980023501762632
-0.994124559341951
-0.851938895417156
-0.90951821386604
-0.965922444183314
-0.933019976498237
-0.992949471210341
-0.985898942420682
-0.984723854289072
-0.976498237367803
-0.982373678025852
-0.962397179788484
-0.951821386603995
-0.957696827262045
-0.99647473560517
-0.982373678025852
-0.902467685076381
-0.990599294947121
-0.969447708578143
-0.977673325499412
-0.873090481786134
-0.974148061104583
-0.878965922444183
-0.918918918918919
-0.969447708578143
-0.917743830787309
-0.991774383078731
-0.985898942420682
-0.982373678025852
-0.976498237367803
-0.984723854289072
-0.975323149236193
-0.950646298472385
-0.961222091656874
-0.99764982373678
-0.989424206815511
-0.943595769682726
-0.991774383078731
-0.969447708578143
-0.984723854289072
-0.915393654524089
-0.984723854289072
-0.18096357226792
-0.698002350176263
-0.898942420681551
-0.72737955346651
-0.961222091656874
-0.951821386603995
-0.968272620446534
-0.938895417156287
-0.956521739130435
-0.847238542890717
-0.828437132784959
-0.789659224441833
-0.982373678025852
-0.925969447708578
-0.347826086956522
-0.949471210340776
-0.91304347826087
-0.928319623971798
-0.00117508813160982
-0.938895417156287
-0.922444183313749
-0.945945945945946
-0.978848413631022
-0.962397179788484
-0.99647473560517
-0.99529964747356
-0.991774383078731
-0.975323149236193
-0.988249118683901
-0.987074030552291
-0.957696827262045
-0.982373678025852
-0.99882491186839
-0.985898942420682
-0.944770857814336
-0.99529964747356
-0.970622796709753
-0.989424206815511
-0.917743830787309
-0.984723854289072
