495
366
108
277
24
58
54
139
63
101
246
167
12
47
444
32
114
105
527
71
414
231
67
191
24
30
27
75
49
66
143
104
7
24
318
23
74
56
336
36
71
88
29
63
4
11
17
29
9
20
52
39
7
5
78
11
39
23
99
17
232
267
68
267
5
48
18
58
38
45
125
146
9
26
241
18
60
48
269
30
49
26
6
31
8
4
8
13
3
5
16
16
2
4
36
4
8
2
41
2
42
47
12
42
4
4
4
17
7
8
32
31
3
2
35
5
14
9
50
5
38
30
17
11
6
2
13
15
8
15
28
10
1
9
28
4
11
10
35
14
137
65
39
56
14
20
19
87
19
33
51
45
4
26
55
19
26
31
72
20
61
34
11
25
5
14
5
26
2
21
23
17
4
11
29
5
13
9
45
5
116
68
18
60
10
9
13
48
13
40
46
28
4
15
71
10
26
24
83
20
240
151
52
123
13
33
24
91
26
60
107
82
1
21
155
21
39
38
159
26
166
144
35
147
5
22
13
36
18
33
100
97
8
12
153
5
45
33
180
18
16
10
5
9
1
1
1
3
1
4
4
8
2
1
12
0
5
1
17
2
72
22
14
19
6
3
8
10
8
17
23
10
2
7
43
4
17
8
41
8
397
311
86
324
16
51
19
51
19
62
201
220
14
29
342
21
76
64
388
33
25
22
10
19
5
8
3
19
8
13
20
13
0
8
22
7
3
7
22
6
134
87
22
42
7
9
13
21
15
17
42
30
2
14
91
8
22
14
94
20
83
65
21
58
4
7
15
26
14
19
32
35
4
12
45
5
24
10
58
11
624
234
75
227
29
39
22
50
38
130
141
160
17
61
492
34
79
49
749
43
61
35
21
30
3
3
9
24
7
14
32
12
0
9
42
5
17
10
51
8
