544
361
109
289
21
54
53
126
55
100
234
173
14
41
466
40
124
105
563
69
412
242
62
200
19
29
22
59
44
72
138
105
7
26
319
36
83
65
368
39
74
83
19
76
2
15
20
34
12
18
48
34
5
8
68
11
39
22
112
13
238
270
63
296
5
51
12
52
28
47
131
165
10
28
218
18
64
53
295
35
44
28
6
28
3
4
8
12
2
8
14
18
0
4
37
5
14
3
35
3
45
63
15
43
2
10
2
18
3
10
27
32
4
2
29
5
13
10
40
3
44
36
18
15
7
1
10
18
9
11
23
9
1
7
20
3
13
9
41
14
128
64
36
53
8
15
16
51
14
26
53
38
7
15
50
16
39
31
57
32
51
29
17
17
5
8
11
20
8
16
19
17
2
5
29
3
11
11
40
7
116
65
16
47
9
5
12
43
9
34
43
31
4
17
80
13
20
19
81
20
207
149
38
117
12
21
26
70
24
60
88
72
7
20
155
19
41
36
165
34
169
174
39
152
8
25
10
43
15
23
68
91
5
14
164
6
38
44
178
17
14
11
4
10
1
2
2
7
0
2
8
8
0
1
13
2
2
1
11
3
66
30
10
18
7
8
8
17
5
12
21
14
2
8
40
4
13
8
47
12
416
309
92
339
20
50
25
56
21
58
162
220
17
40
342
19
87
60
402
45
36
25
12
19
3
6
7
16
7
14
20
16
1
5
28
4
8
8
22
11
129
92
27
50
11
14
13
24
13
24
38
42
2
9
89
10
26
21
97
19
72
62
25
64
8
16
18
20
12
18
39
28
4
19
52
10
23
11
64
10
677
232
88
220
27
36
27
40
37
117
161
161
11
67
550
39
72
54
835
50
74
40
22
32
7
8
7
23
8
15
28
13
1
14
39
6
24
8
66
6
