0.693714285714286
0.483428571428571
0.132571428571429
0.390857142857143
0.0297142857142857
0.0731428571428571
0.0731428571428571
0.190857142857143
0.0822857142857143
0.138285714285714
0.342857142857143
0.224
0.0148571428571429
0.0594285714285714
0.588571428571429
0.0354285714285714
0.173714285714286
0.133714285714286
0.701714285714286
0.0822857142857143
0.517714285714286
0.291428571428571
0.0902857142857143
0.266285714285714
0.0297142857142857
0.0468571428571429
0.0331428571428571
0.104
0.0514285714285714
0.0788571428571429
0.224
0.124571428571429
0.00342857142857143
0.0365714285714286
0.44
0.0365714285714286
0.113142857142857
0.0891428571428571
0.433142857142857
0.0457142857142857
0.109714285714286
0.109714285714286
0.0365714285714286
0.088
0.00228571428571429
0.0125714285714286
0.024
0.0445714285714286
0.0205714285714286
0.0217142857142857
0.0651428571428571
0.0491428571428571
0.008
0.0148571428571429
0.0902857142857143
0.008
0.048
0.0217142857142857
0.12
0.0205714285714286
0.325714285714286
0.364571428571429
0.072
0.373714285714286
0.00914285714285714
0.0697142857142857
0.0137142857142857
0.0605714285714286
0.0491428571428571
0.0662857142857143
0.16
0.210285714285714
0.016
0.0342857142857143
0.277714285714286
0.0297142857142857
0.0834285714285714
0.0822857142857143
0.354285714285714
0.0411428571428571
0.0617142857142857
0.0468571428571429
0.00685714285714286
0.0377142857142857
0.00342857142857143
0.00342857142857143
0.00685714285714286
0.0148571428571429
0.00457142857142857
0.0102857142857143
0.016
0.0217142857142857
0.00228571428571429
0.00457142857142857
0.0434285714285714
0.00457142857142857
0.0102857142857143
0.00457142857142857
0.0525714285714286
0.00228571428571429
0.0674285714285714
0.056
0.0194285714285714
0.064
0.00342857142857143
0.0114285714285714
0.00571428571428571
0.0262857142857143
0.0102857142857143
0.0114285714285714
0.0308571428571429
0.0331428571428571
0.00342857142857143
0.008
0.056
0.00342857142857143
0.0182857142857143
0.0114285714285714
0.0708571428571429
0.00457142857142857
0.0571428571428571
0.0354285714285714
0.0194285714285714
0.0205714285714286
0.00685714285714286
0.00457142857142857
0.016
0.0308571428571429
0.00914285714285714
0.0148571428571429
0.0331428571428571
0.0205714285714286
0.00457142857142857
0.00571428571428571
0.0388571428571429
0.00685714285714286
0.024
0.0137142857142857
0.0457142857142857
0.0171428571428571
0.180571428571429
0.0845714285714286
0.0422857142857143
0.0697142857142857
0.0137142857142857
0.0228571428571429
0.0331428571428571
0.0845714285714286
0.0217142857142857
0.0377142857142857
0.0765714285714286
0.0571428571428571
0.00457142857142857
0.032
0.0697142857142857
0.0205714285714286
0.0457142857142857
0.0388571428571429
0.0902857142857143
0.0285714285714286
0.0868571428571429
0.0525714285714286
0.0194285714285714
0.0331428571428571
0.00685714285714286
0.0148571428571429
0.0102857142857143
0.0217142857142857
0.00342857142857143
0.0297142857142857
0.0331428571428571
0.0205714285714286
0.008
0.0102857142857143
0.0354285714285714
0.00457142857142857
0.0171428571428571
0.0137142857142857
0.04
0.00685714285714286
0.146285714285714
0.0822857142857143
0.0308571428571429
0.0754285714285714
0.0137142857142857
0.0125714285714286
0.0228571428571429
0.064
0.0171428571428571
0.0411428571428571
0.0582857142857143
0.0514285714285714
0.00342857142857143
0.0194285714285714
0.0925714285714286
0.0171428571428571
0.0308571428571429
0.0285714285714286
0.109714285714286
0.0251428571428571
0.321142857142857
0.211428571428571
0.0662857142857143
0.156571428571429
0.0194285714285714
0.0377142857142857
0.032
0.113142857142857
0.0285714285714286
0.08
0.153142857142857
0.0868571428571429
0.008
0.0331428571428571
0.210285714285714
0.0274285714285714
0.0537142857142857
0.056
0.206857142857143
0.0365714285714286
0.220571428571429
0.206857142857143
0.0411428571428571
0.179428571428571
0.0114285714285714
0.0285714285714286
0.0171428571428571
0.0491428571428571
0.024
0.048
0.128
0.118857142857143
0.0114285714285714
0.008
0.214857142857143
0.00571428571428571
0.056
0.0411428571428571
0.219428571428571
0.0251428571428571
0.0171428571428571
0.0205714285714286
0.00342857142857143
0.0114285714285714
0.00114285714285714
0.00114285714285714
0.00228571428571429
0.00457142857142857
0
0.00457142857142857
0.00914285714285714
0.00685714285714286
0.00114285714285714
0.00114285714285714
0.0182857142857143
0.00228571428571429
0.00571428571428571
0.00571428571428571
0.016
0.00571428571428571
0.0822857142857143
0.0411428571428571
0.016
0.0251428571428571
0.00571428571428571
0.00342857142857143
0.0125714285714286
0.0148571428571429
0.00914285714285714
0.0297142857142857
0.0354285714285714
0.0137142857142857
0.00228571428571429
0.0102857142857143
0.0422857142857143
0.00228571428571429
0.0137142857142857
0.00914285714285714
0.056
0.0137142857142857
0.532571428571429
0.410285714285714
0.114285714285714
0.438857142857143
0.024
0.0731428571428571
0.0285714285714286
0.0788571428571429
0.0388571428571429
0.08
0.216
0.266285714285714
0.0228571428571429
0.0422857142857143
0.441142857142857
0.0251428571428571
0.117714285714286
0.0891428571428571
0.474285714285714
0.0594285714285714
0.0342857142857143
0.0262857142857143
0.016
0.016
0.00342857142857143
0.00571428571428571
0.00914285714285714
0.0182857142857143
0.00914285714285714
0.0171428571428571
0.0251428571428571
0.0194285714285714
0.00114285714285714
0.00457142857142857
0.0342857142857143
0.00914285714285714
0.00114285714285714
0.00685714285714286
0.0308571428571429
0.00914285714285714
0.149714285714286
0.108571428571429
0.0388571428571429
0.0662857142857143
0.0137142857142857
0.0171428571428571
0.024
0.0251428571428571
0.016
0.0388571428571429
0.0571428571428571
0.0571428571428571
0.00228571428571429
0.0285714285714286
0.122285714285714
0.0102857142857143
0.0411428571428571
0.016
0.136
0.0262857142857143
0.109714285714286
0.0891428571428571
0.024
0.0765714285714286
0.0102857142857143
0.0137142857142857
0.0217142857142857
0.0182857142857143
0.0194285714285714
0.0228571428571429
0.048
0.0514285714285714
0.00571428571428571
0.0148571428571429
0.0731428571428571
0.00457142857142857
0.0274285714285714
0.016
0.0868571428571429
0.0137142857142857
0.854857142857143
0.300571428571429
0.101714285714286
0.275428571428571
0.0388571428571429
0.056
0.0274285714285714
0.0685714285714286
0.0457142857142857
0.152
0.181714285714286
0.206857142857143
0.016
0.0617142857142857
0.635428571428571
0.0411428571428571
0.105142857142857
0.0594285714285714
1
0.0594285714285714
0.0937142857142857
0.0525714285714286
0.0262857142857143
0.0342857142857143
0.008
0.00914285714285714
0.0114285714285714
0.0228571428571429
0.008
0.0194285714285714
0.0457142857142857
0.0182857142857143
0.00114285714285714
0.00914285714285714
0.0548571428571429
0.00342857142857143
0.0182857142857143
0.0137142857142857
0.0708571428571429
0.008
