609
428
119
343
33
60
58
153
68
112
295
192
18
57
520
43
128
130
601
62
452
259
85
237
34
41
28
94
51
77
198
118
6
28
361
30
95
76
382
47
92
106
22
85
7
15
20
39
17
15
56
51
5
10
73
10
41
21
114
14
280
322
76
328
6
55
21
73
45
58
163
181
13
34
262
20
60
59
326
31
57
42
8
39
5
4
6
13
5
11
20
17
3
5
39
6
10
2
37
5
56
59
19
45
2
8
9
19
8
4
28
31
4
5
45
4
15
5
53
5
53
40
14
14
4
5
11
31
15
16
24
17
1
11
24
5
12
12
43
18
150
75
35
73
13
15
36
81
19
48
57
49
9
26
67
16
39
36
81
22
70
32
19
33
7
8
7
22
7
21
31
15
5
5
35
6
21
14
39
13
115
73
28
69
12
8
16
62
12
37
57
35
4
14
78
12
26
24
96
16
279
170
61
155
17
31
31
92
21
66
120
93
8
17
171
23
46
46
192
41
203
180
47
163
10
28
19
42
19
35
111
105
11
9
179
6
48
37
189
22
12
20
4
11
1
1
2
4
0
5
8
10
2
2
21
2
3
4
17
2
70
33
15
22
8
2
7
13
5
13
27
14
1
8
39
4
18
9
51
11
495
344
96
373
22
50
28
75
29
68
195
240
23
41
375
29
91
70
401
42
42
28
11
20
3
5
9
13
3
14
25
20
0
5
33
8
7
8
23
5
133
106
23
59
12
17
19
24
15
32
48
40
1
13
98
10
29
14
107
17
84
71
26
79
13
19
11
22
18
20
37
48
3
14
61
4
22
11
70
9
733
268
92
246
30
47
26
52
44
127
155
167
15
58
574
39
85
60
830
50
68
51
18
24
4
7
6
24
9
15
28
23
0
9
40
6
26
8
64
11
