0.68298969072165
0.520618556701031
0.134020618556701
0.380154639175258
0.0399484536082474
0.0695876288659794
0.0786082474226804
0.199742268041237
0.0811855670103093
0.152061855670103
0.368556701030928
0.220360824742268
0.0180412371134021
0.0541237113402062
0.61340206185567
0.047680412371134
0.164948453608247
0.152061855670103
0.699742268041237
0.0876288659793814
0.527061855670103
0.287371134020619
0.0966494845360825
0.289948453608247
0.0335051546391753
0.0425257731958763
0.0347938144329897
0.112113402061856
0.0618556701030928
0.0786082474226804
0.212628865979381
0.144329896907216
0.0115979381443299
0.0373711340206186
0.413659793814433
0.0335051546391753
0.105670103092784
0.0837628865979381
0.44201030927835
0.0528350515463918
0.123711340206186
0.13659793814433
0.0412371134020619
0.100515463917526
0.00644329896907216
0.0128865979381443
0.0244845360824742
0.0579896907216495
0.0154639175257732
0.0309278350515464
0.0695876288659794
0.0451030927835052
0.00902061855670103
0.0115979381443299
0.0966494845360825
0.0103092783505155
0.0373711340206186
0.0373711340206186
0.143041237113402
0.0180412371134021
0.337628865979381
0.347938144329897
0.0850515463917526
0.367268041237113
0.0128865979381443
0.0579896907216495
0.0322164948453608
0.0747422680412371
0.0528350515463918
0.0579896907216495
0.199742268041237
0.212628865979381
0.0193298969072165
0.0451030927835052
0.291237113402062
0.0244845360824742
0.0747422680412371
0.086340206185567
0.369845360824742
0.0399484536082474
0.0747422680412371
0.0399484536082474
0.00644329896907216
0.0579896907216495
0.0077319587628866
0.0038659793814433
0.0103092783505155
0.0206185567010309
0.0077319587628866
0.00902061855670103
0.0193298969072165
0.0244845360824742
0.00257731958762887
0.0038659793814433
0.047680412371134
0.00515463917525773
0.0103092783505155
0.00644329896907216
0.0541237113402062
0.0038659793814433
0.0605670103092784
0.0644329896907216
0.0219072164948454
0.0618556701030928
0.00515463917525773
0.00902061855670103
0.00515463917525773
0.0154639175257732
0.0128865979381443
0.0115979381443299
0.0360824742268041
0.0244845360824742
0.0038659793814433
0.00644329896907216
0.0515463917525773
0.00644329896907216
0.0154639175257732
0.0128865979381443
0.0618556701030928
0.0038659793814433
0.0541237113402062
0.0502577319587629
0.0244845360824742
0.0141752577319588
0.0077319587628866
0.00644329896907216
0.0244845360824742
0.0347938144329897
0.0167525773195876
0.0231958762886598
0.0399484536082474
0.0219072164948454
0.0038659793814433
0.0167525773195876
0.0373711340206186
0.00644329896907216
0.0167525773195876
0.0128865979381443
0.0528350515463918
0.0167525773195876
0.190721649484536
0.0850515463917526
0.0605670103092784
0.077319587628866
0.0193298969072165
0.0257731958762887
0.0360824742268041
0.103092783505155
0.0231958762886598
0.0502577319587629
0.0811855670103093
0.0708762886597938
0.0128865979381443
0.0257731958762887
0.0734536082474227
0.0231958762886598
0.0489690721649485
0.047680412371134
0.110824742268041
0.0347938144329897
0.0966494845360825
0.0373711340206186
0.0167525773195876
0.0399484536082474
0.0077319587628866
0.0141752577319588
0.0103092783505155
0.0412371134020619
0.00257731958762887
0.0219072164948454
0.0373711340206186
0.0219072164948454
0.00644329896907216
0.00902061855670103
0.0399484536082474
0.00644329896907216
0.0193298969072165
0.0167525773195876
0.0489690721649485
0.00902061855670103
0.157216494845361
0.0876288659793814
0.0425257731958763
0.0798969072164948
0.0141752577319588
0.0128865979381443
0.0193298969072165
0.0695876288659794
0.0154639175257732
0.047680412371134
0.0734536082474227
0.0412371134020619
0.00902061855670103
0.0206185567010309
0.0940721649484536
0.0193298969072165
0.0257731958762887
0.0360824742268041
0.108247422680412
0.0244845360824742
0.338917525773196
0.204896907216495
0.0760309278350515
0.173969072164948
0.0206185567010309
0.0270618556701031
0.0347938144329897
0.119845360824742
0.0373711340206186
0.0889175257731959
0.137886597938144
0.104381443298969
0.0038659793814433
0.0283505154639175
0.210051546391753
0.029639175257732
0.0502577319587629
0.0605670103092784
0.231958762886598
0.0438144329896907
0.243556701030928
0.20360824742268
0.0515463917525773
0.177835051546392
0.00644329896907216
0.0244845360824742
0.0219072164948454
0.0502577319587629
0.0270618556701031
0.0322164948453608
0.117268041237113
0.132731958762887
0.0077319587628866
0.0103092783505155
0.211340206185567
0.00644329896907216
0.0579896907216495
0.0502577319587629
0.225515463917526
0.0219072164948454
0.0244845360824742
0.0154639175257732
0.00257731958762887
0.0141752577319588
0.00128865979381443
0.00257731958762887
0.00128865979381443
0.00902061855670103
0.00128865979381443
0.0077319587628866
0.0103092783505155
0.00902061855670103
0.00128865979381443
0.00128865979381443
0.0244845360824742
0
0.0038659793814433
0.00644329896907216
0.0193298969072165
0.00644329896907216
0.0811855670103093
0.0322164948453608
0.0219072164948454
0.0244845360824742
0.00902061855670103
0.00902061855670103
0.0167525773195876
0.0154639175257732
0.0077319587628866
0.0231958762886598
0.0347938144329897
0.0128865979381443
0.00257731958762887
0.00902061855670103
0.0515463917525773
0.0038659793814433
0.0244845360824742
0.0103092783505155
0.047680412371134
0.0077319587628866
0.538659793814433
0.40979381443299
0.121134020618557
0.443298969072165
0.0335051546391753
0.0734536082474227
0.0309278350515464
0.0824742268041237
0.0322164948453608
0.0850515463917526
0.229381443298969
0.243556701030928
0.0244845360824742
0.0425257731958763
0.47680412371134
0.0360824742268041
0.100515463917526
0.0889175257731959
0.494845360824742
0.0579896907216495
0.0451030927835052
0.0347938144329897
0.0180412371134021
0.0231958762886598
0.00515463917525773
0.00515463917525773
0.0103092783505155
0.0193298969072165
0.0077319587628866
0.0244845360824742
0.0270618556701031
0.0154639175257732
0.00128865979381443
0.00515463917525773
0.0360824742268041
0.00902061855670103
0.00644329896907216
0.0038659793814433
0.0283505154639175
0.0077319587628866
0.145618556701031
0.100515463917526
0.0347938144329897
0.0695876288659794
0.0141752577319588
0.0257731958762887
0.0193298969072165
0.0322164948453608
0.0154639175257732
0.029639175257732
0.0567010309278351
0.047680412371134
0.0038659793814433
0.0167525773195876
0.115979381443299
0.00902061855670103
0.0373711340206186
0.0244845360824742
0.135309278350515
0.029639175257732
0.127577319587629
0.095360824742268
0.0360824742268041
0.0798969072164948
0.0128865979381443
0.0154639175257732
0.0193298969072165
0.0347938144329897
0.0257731958762887
0.0270618556701031
0.0438144329896907
0.0579896907216495
0.0038659793814433
0.0115979381443299
0.0708762886597938
0.0115979381443299
0.0322164948453608
0.0180412371134021
0.10180412371134
0.0154639175257732
0.859536082474227
0.315721649484536
0.109536082474227
0.275773195876289
0.0360824742268041
0.0515463917525773
0.038659793814433
0.0786082474226804
0.0489690721649485
0.173969072164948
0.186855670103093
0.211340206185567
0.0154639175257732
0.0786082474226804
0.64819587628866
0.0399484536082474
0.103092783505155
0.0798969072164948
1
0.0695876288659794
0.0811855670103093
0.0515463917525773
0.0335051546391753
0.0438144329896907
0.00515463917525773
0.00515463917525773
0.0128865979381443
0.029639175257732
0.0103092783505155
0.0231958762886598
0.0438144329896907
0.0219072164948454
0.00128865979381443
0.0128865979381443
0.047680412371134
0.00644329896907216
0.0360824742268041
0.0115979381443299
0.0721649484536082
0.0115979381443299
