547
420
113
313
27
59
61
148
78
115
264
178
18
48
483
34
113
110
595
72
430
244
77
228
23
36
30
88
41
80
173
116
7
25
336
28
99
65
374
44
90
102
31
77
0
12
17
39
19
24
66
44
10
10
67
8
42
26
118
16
256
302
71
278
8
48
20
61
34
61
145
174
11
29
245
20
66
63
293
36
49
26
7
37
6
5
8
16
5
11
21
18
2
4
33
6
12
1
37
3
48
54
15
40
4
7
7
21
3
6
21
32
4
5
35
4
13
7
49
5
43
35
18
15
7
3
12
31
12
16
26
14
2
8
31
5
15
13
45
18
148
69
46
63
9
17
26
72
18
42
57
46
5
19
59
21
45
34
80
34
65
43
15
26
3
11
11
25
8
18
29
19
4
11
27
9
13
11
41
8
126
78
24
76
12
6
21
51
19
39
53
29
2
15
73
9
22
19
102
18
249
176
63
126
15
24
25
85
26
58
103
86
8
17
164
23
46
45
184
35
176
165
45
167
13
26
18
39
17
31
89
89
7
10
162
6
43
43
204
23
16
16
5
10
2
3
3
4
0
5
7
11
2
2
16
0
3
2
14
4
72
30
13
20
8
5
9
11
6
10
25
16
2
9
39
3
17
11
45
11
443
312
87
350
22
40
26
74
24
75
197
228
22
34
364
20
89
67
414
39
31
27
11
20
2
7
6
19
9
16
16
14
0
5
36
9
5
6
18
6
140
101
29
47
6
13
13
21
15
29
45
26
3
17
96
5
20
19
115
20
98
62
25
65
6
10
17
23
20
18
35
42
4
15
58
7
25
16
74
12
712
249
102
240
36
46
32
57
35
126
152
172
13
67
560
40
82
71
866
61
77
43
24
29
7
4
7
26
8
15
35
21
1
13
48
6
16
8
74
14
