540
417
133
318
30
53
72
160
67
120
295
185
12
53
496
38
130
119
598
82
420
258
77
227
24
31
32
94
51
83
165
115
11
29
337
25
106
70
404
54
99
105
27
77
6
17
16
49
12
24
59
40
6
11
82
13
41
31
115
17
261
264
71
316
5
53
22
66
34
50
152
158
7
35
253
22
71
77
301
46
46
29
8
29
5
4
8
16
8
12
18
19
1
4
35
4
11
6
48
4
51
61
21
49
4
9
4
15
11
12
31
28
5
4
45
3
9
13
49
7
42
44
21
12
4
3
15
31
13
12
34
17
2
12
30
5
12
13
50
15
170
71
46
58
20
26
22
76
23
45
74
54
5
23
64
23
50
46
87
32
80
29
16
30
3
9
9
39
7
20
32
19
2
13
37
5
15
11
47
11
142
82
23
58
7
11
14
60
21
47
54
35
6
16
86
15
31
30
103
20
272
177
61
138
15
30
34
97
30
67
123
101
3
23
164
24
52
54
172
36
180
177
41
152
10
25
15
57
21
36
104
109
7
15
153
10
47
50
195
19
15
12
1
7
2
1
1
5
1
4
6
10
1
2
17
0
1
2
15
3
78
39
17
16
8
8
10
16
7
16
28
16
1
10
48
4
18
8
47
9
480
332
103
353
20
59
26
70
23
85
195
217
12
34
363
28
93
65
389
54
39
36
17
16
2
7
7
17
8
19
25
14
2
4
25
4
6
5
20
7
128
109
27
59
12
15
22
28
21
35
52
48
3
15
101
12
35
20
110
29
103
79
27
72
6
20
16
28
21
21
40
43
4
18
64
7
30
18
72
13
720
257
89
241
35
45
33
59
44
133
157
173
16
68
564
32
93
60
827
57
75
45
27
41
6
7
9
32
11
21
32
24
0
16
45
7
32
9
75
11
