559
394
114
337
28
55
53
139
51
114
271
181
9
37
491
36
132
108
633
55
435
232
63
217
24
28
19
75
46
64
152
110
6
27
334
27
82
61
372
40
81
88
24
77
3
9
14
29
12
23
48
44
4
8
74
7
34
24
112
15
266
301
62
347
7
56
14
58
38
53
143
169
9
31
238
21
72
56
301
31
53
29
5
35
4
4
4
7
2
5
16
15
1
3
36
3
10
6
30
1
51
48
15
45
4
3
6
12
4
7
28
28
4
1
41
3
13
11
45
5
40
18
12
9
5
1
13
29
9
14
26
11
4
7
22
2
14
10
37
12
137
67
31
50
12
18
22
66
18
33
49
35
5
24
59
17
31
30
73
21
70
30
11
21
6
10
8
24
6
14
15
19
2
8
27
6
14
8
33
6
106
64
17
62
10
7
19
54
14
28
38
33
4
16
86
10
21
22
100
18
250
150
48
127
14
34
15
66
17
58
99
83
3
18
146
13
35
39
173
34
182
181
39
147
5
20
15
36
20
30
84
99
6
9
163
7
46
44
207
18
16
11
3
6
0
1
2
6
0
4
5
7
2
2
11
2
3
3
11
4
54
24
15
23
3
1
7
10
6
21
17
13
4
6
42
2
12
7
44
9
462
308
103
357
14
53
25
58
20
66
179
236
17
32
384
26
93
64
415
38
29
26
9
21
2
7
11
12
9
13
16
19
2
5
23
2
6
9
22
6
125
92
27
58
6
15
15
21
9
27
42
34
1
14
97
11
27
12
101
19
90
76
28
62
4
12
11
22
10
23
36
38
1
9
58
6
25
12
55
11
750
248
88
242
24
40
19
54
34
123
134
171
13
52
589
42
67
57
849
58
65
41
19
36
3
2
3
20
13
11
25
16
2
12
36
7
21
8
58
9
